,time,CPU Utilization,Total Power,CPU Power,power_gpu,%CPU,%mem,startstop
17,13:45:40,0.2575,3.33034,3.33034,0.0,99.0,15.5,Stop
28,13:45:51,0.275,3.38811,3.38811,0.0,67.3,28.9,runtime
29,13:45:52,0.26817,3.36481,3.36481,0.0,68.5,15.5,runtime
30,13:45:53,0.2675,3.36257,3.36257,0.0,69.6,29.2,runtime
31,13:45:54,0.275,3.38811,3.38811,0.0,70.7,34.8,runtime
32,13:45:55,0.26817,3.36481,3.36481,0.0,71.8,40.4,runtime
33,13:45:56,0.27136,3.37556,3.37556,0.0,72.7,28.8,runtime
34,13:45:57,0.275,3.38811,3.38811,0.0,73.7,30.4,runtime
35,13:45:58,0.27,3.37095,3.37095,0.0,74.5,31.9,runtime
36,13:45:59,0.26633,3.3587,3.3587,0.0,75.3,33.5,runtime
37,13:46:00,0.27681,3.39445,3.39445,0.0,76.1,35.0,runtime
38,13:46:01,0.2775,3.39689,3.39689,0.0,76.8,36.6,runtime
39,13:46:02,0.2725,3.37947,3.37947,0.0,75.7,38.2,runtime
40,13:46:03,0.255,3.32259,3.32259,0.0,76.4,39.8,runtime
41,13:46:04,0.2675,3.36257,3.36257,0.0,77.1,41.4,runtime
42,13:46:05,0.3025,3.49213,3.49213,0.0,79.5,23.8,runtime
53,13:46:16,0.19202,3.16373,3.16373,0.0,65.4,24.1,runtime
54,13:46:17,0.26131,3.34237,3.34237,0.0,66.2,39.7,runtime
55,13:46:18,0.2725,3.37947,3.37947,0.0,66.9,25.2,runtime
56,13:46:19,0.26817,3.36481,3.36481,0.0,67.5,33.1,runtime
58,13:46:21,0.27569,3.39052,3.39052,0.0,68.2,38.7,runtime
59,13:46:22,0.2825,3.41485,3.41485,0.0,68.9,41.6,runtime
60,13:46:23,0.26817,3.36481,3.36481,0.0,69.5,29.9,runtime
61,13:46:24,0.275,3.38811,3.38811,0.0,70.0,31.5,runtime
62,13:46:25,0.26566,3.3565,3.3565,0.0,70.6,33.0,runtime
63,13:46:26,0.27569,3.39052,3.39052,0.0,71.1,34.5,runtime
64,13:46:27,0.26817,3.36481,3.36481,0.0,71.7,36.1,runtime
65,13:46:28,0.2675,3.36257,3.36257,0.0,72.2,37.6,runtime
66,13:46:29,0.27318,3.38181,3.38181,0.0,72.7,39.2,runtime
67,13:46:30,0.2675,3.36257,3.36257,0.0,73.2,40.7,runtime
68,13:46:31,0.2725,3.37947,3.37947,0.0,72.6,35.4,runtime
69,13:46:32,0.38596,3.90327,3.90327,0.0,73.7,15.6,runtime
79,13:46:42,0.14536,3.08113,3.08113,0.0,65.8,17.5,runtime
80,13:46:43,0.27318,3.38181,3.38181,0.0,66.3,32.0,runtime
81,13:46:44,0.2782,3.39936,3.39936,0.0,66.8,17.4,runtime
82,13:46:45,0.27182,3.37714,3.37714,0.0,67.3,30.4,runtime
83,13:46:46,0.26382,3.35047,3.35047,0.0,67.7,36.0,runtime
84,13:46:47,0.265,3.35432,3.35432,0.0,67.4,41.6,runtime
85,13:46:48,0.2807,3.40832,3.40832,0.0,67.8,29.2,runtime
86,13:46:49,0.26566,3.3565,3.3565,0.0,68.3,30.7,runtime
87,13:46:50,0.2675,3.36257,3.36257,0.0,68.7,32.2,runtime
89,13:46:52,0.2675,3.36257,3.36257,0.0,69.1,33.7,runtime
90,13:46:53,0.27318,3.38181,3.38181,0.0,69.5,35.3,runtime
91,13:46:54,0.26566,3.3565,3.3565,0.0,69.9,36.8,runtime
92,13:46:55,0.2675,3.36257,3.36257,0.0,70.3,38.4,runtime
93,13:46:56,0.27318,3.38181,3.38181,0.0,70.6,39.9,runtime
94,13:46:57,0.26933,3.36868,3.36868,0.0,71.0,41.5,runtime
95,13:46:58,0.4575,4.3283,4.3283,0.0,72.3,21.7,runtime
105,13:47:08,0.09296,3.03014,3.03014,0.0,65.7,15.7,runtime
106,13:47:09,0.2725,3.37947,3.37947,0.0,65.7,23.8,runtime
107,13:47:10,0.27681,3.39445,3.39445,0.0,66.1,39.1,runtime
108,13:47:11,0.27387,3.38419,3.38419,0.0,66.5,25.2,runtime
109,13:47:12,0.27,3.37095,3.37095,0.0,66.8,33.1,runtime
110,13:47:13,0.26633,3.3587,3.3587,0.0,67.2,38.8,runtime
111,13:47:14,0.27318,3.38181,3.38181,0.0,67.5,41.6,runtime
112,13:47:15,0.27569,3.39052,3.39052,0.0,67.9,30.0,runtime
113,13:47:16,0.2675,3.36257,3.36257,0.0,68.2,31.5,runtime
114,13:47:17,0.26566,3.3565,3.3565,0.0,68.5,33.1,runtime
115,13:47:18,0.27318,3.38181,3.38181,0.0,68.3,34.6,runtime
116,13:47:19,0.26,3.33821,3.33821,0.0,68.6,36.2,runtime
117,13:47:20,0.265,3.35432,3.35432,0.0,68.9,37.8,runtime
118,13:47:21,0.2675,3.36257,3.36257,0.0,69.2,39.4,runtime
120,13:47:23,0.27569,3.39052,3.39052,0.0,69.5,40.9,runtime
121,13:47:24,0.48872,4.51603,4.51603,0.0,69.8,28.7,runtime
131,13:47:34,0.08521,3.0297,3.0297,0.0,65.4,18.9,runtime
132,13:47:35,0.26316,3.34832,3.34832,0.0,65.8,33.3,runtime
133,13:47:36,0.27136,3.37556,3.37556,0.0,66.1,19.3,runtime
135,13:47:38,0.26817,3.36481,3.36481,0.0,66.3,31.0,runtime
136,13:47:39,0.27318,3.38181,3.38181,0.0,66.6,36.6,runtime
137,13:47:40,0.30827,3.51605,3.51605,0.0,67.0,41.6,runtime
138,13:47:41,0.26933,3.36868,3.36868,0.0,67.3,29.5,runtime
139,13:47:42,0.27318,3.38181,3.38181,0.0,67.6,31.1,runtime
140,13:47:43,0.2675,3.36257,3.36257,0.0,67.9,32.6,runtime
141,13:47:44,0.26566,3.3565,3.3565,0.0,68.1,34.1,runtime
142,13:47:45,0.27318,3.38181,3.38181,0.0,68.4,35.7,runtime
143,13:47:46,0.26566,3.3565,3.3565,0.0,68.6,37.2,runtime
144,13:47:47,0.27681,3.39445,3.39445,0.0,68.4,38.8,runtime
145,13:47:48,0.26566,3.3565,3.3565,0.0,68.7,40.4,runtime
146,13:47:49,0.2525,3.31498,3.31498,0.0,68.9,41.7,runtime
147,13:47:50,0.5212,4.70388,4.70388,0.0,69.7,15.7,runtime
157,13:48:00,0.04988,3.07521,3.07521,0.0,65.8,15.7,runtime
158,13:48:01,0.28643,3.42935,3.42935,0.0,66.0,27.1,runtime
159,13:48:02,0.27569,3.39052,3.39052,0.0,66.2,24.4,runtime
160,13:48:03,0.2725,3.37947,3.37947,0.0,66.1,28.9,runtime
161,13:48:04,0.2625,3.3462,3.3462,0.0,66.3,34.6,runtime
162,13:48:05,0.255,3.32259,3.32259,0.0,66.6,40.2,runtime
163,13:48:06,0.2775,3.39689,3.39689,0.0,66.8,28.9,runtime
165,13:48:08,0.26566,3.3565,3.3565,0.0,67.0,30.4,runtime
166,13:48:09,0.27318,3.38181,3.38181,0.0,67.3,31.9,runtime
167,13:48:10,0.26566,3.3565,3.3565,0.0,67.5,33.4,runtime
168,13:48:11,0.26566,3.3565,3.3565,0.0,67.7,35.0,runtime
169,13:48:12,0.275,3.38811,3.38811,0.0,68.0,36.5,runtime
170,13:48:13,0.26566,3.3565,3.3565,0.0,68.2,38.1,runtime
171,13:48:14,0.27318,3.38181,3.38181,0.0,68.4,39.6,runtime
172,13:48:15,0.2675,3.36257,3.36257,0.0,68.6,41.1,runtime
173,13:48:16,0.45113,4.28964,4.28964,0.0,69.2,28.7,runtime
183,13:48:26,0.03015,3.15443,3.15443,0.0,65.6,15.7,runtime
184,13:48:27,0.27318,3.38181,3.38181,0.0,65.6,23.8,runtime
185,13:48:28,0.27136,3.37556,3.37556,0.0,65.8,39.1,runtime
186,13:48:29,0.28,3.4058,3.4058,0.0,66.0,25.0,runtime
187,13:48:30,0.2675,3.36257,3.36257,0.0,66.3,33.4,runtime
188,13:48:31,0.26633,3.3587,3.3587,0.0,66.5,39.7,runtime
189,13:48:32,0.27,3.37095,3.37095,0.0,66.3,39.6,runtime
190,13:48:33,0.27318,3.38181,3.38181,0.0,66.5,30.3,runtime
191,13:48:34,0.25063,3.30935,3.30935,0.0,66.7,31.8,runtime
192,13:48:35,0.27,3.37095,3.37095,0.0,66.9,33.4,runtime
194,13:48:37,0.2675,3.36257,3.36257,0.0,67.1,35.0,runtime
195,13:48:38,0.2675,3.36257,3.36257,0.0,67.3,36.6,runtime
196,13:48:39,0.275,3.38811,3.38811,0.0,67.5,38.2,runtime
197,13:48:40,0.26566,3.3565,3.3565,0.0,67.7,39.7,runtime
198,13:48:41,0.2775,3.39689,3.39689,0.0,67.9,41.3,runtime
199,13:48:42,0.44,4.22211,4.22211,0.0,68.5,27.1,runtime
209,13:48:52,0.0875,3.02955,3.02955,0.0,65.4,15.7,runtime
210,13:48:53,0.28321,3.41744,3.41744,0.0,65.4,23.3,runtime
211,13:48:54,0.27068,3.37325,3.37325,0.0,65.6,38.2,runtime
212,13:48:55,0.26817,3.36481,3.36481,0.0,65.8,24.2,runtime
213,13:48:56,0.275,3.38811,3.38811,0.0,65.9,33.0,runtime
214,13:48:57,0.26633,3.3587,3.3587,0.0,66.1,39.1,runtime
215,13:48:58,0.2775,3.39689,3.39689,0.0,66.3,41.6,runtime
216,13:48:59,0.2675,3.36257,3.36257,0.0,66.5,30.1,runtime
217,13:49:00,0.275,3.38811,3.38811,0.0,66.7,31.7,runtime
218,13:49:01,0.27569,3.39052,3.39052,0.0,66.9,33.2,runtime
219,13:49:02,0.26566,3.3565,3.3565,0.0,66.7,34.8,runtime
220,13:49:03,0.27681,3.39445,3.39445,0.0,66.9,36.3,runtime
221,13:49:04,0.2575,3.33034,3.33034,0.0,67.1,37.9,runtime
222,13:49:05,0.26448,3.35264,3.35264,0.0,67.3,39.5,runtime
224,13:49:07,0.26566,3.3565,3.3565,0.0,67.4,41.0,runtime
225,13:49:08,0.38,3.86984,3.86984,0.0,67.8,28.7,runtime
235,13:49:18,0.11779,3.0463,3.0463,0.0,65.1,21.5,runtime
236,13:49:19,0.2675,3.36257,3.36257,0.0,65.3,36.0,runtime
238,13:49:21,0.26817,3.36481,3.36481,0.0,65.5,21.9,runtime
239,13:49:22,0.26566,3.3565,3.3565,0.0,65.7,32.1,runtime
240,13:49:23,0.27068,3.37325,3.37325,0.0,65.8,38.3,runtime
241,13:49:24,0.30326,3.49523,3.49523,0.0,66.0,41.6,runtime
242,13:49:25,0.26933,3.36868,3.36868,0.0,66.2,30.0,runtime
243,13:49:26,0.26566,3.3565,3.3565,0.0,66.3,31.5,runtime
244,13:49:27,0.27681,3.39445,3.39445,0.0,66.5,33.0,runtime
245,13:49:28,0.26566,3.3565,3.3565,0.0,66.7,34.6,runtime
246,13:49:29,0.26566,3.3565,3.3565,0.0,66.8,36.2,runtime
247,13:49:30,0.27318,3.38181,3.38181,0.0,67.0,37.7,runtime
248,13:49:31,0.2675,3.36257,3.36257,0.0,66.9,39.3,runtime
249,13:49:32,0.27681,3.39445,3.39445,0.0,67.0,40.9,runtime
250,13:49:33,0.26065,3.34028,3.34028,0.0,67.2,28.7,runtime
251,13:49:34,0.40852,4.0335,4.0335,0.0,67.5,15.7,runtime
261,13:49:44,0.145,3.08059,3.08059,0.0,65.3,18.3,runtime
262,13:49:45,0.2725,3.37947,3.37947,0.0,65.5,32.1,runtime
263,13:49:46,0.2725,3.37947,3.37947,0.0,65.4,17.8,runtime
264,13:49:47,0.275,3.38811,3.38811,0.0,65.5,30.7,runtime
265,13:49:48,0.26316,3.34832,3.34832,0.0,65.7,36.8,runtime
266,13:49:49,0.25313,3.31689,3.31689,0.0,65.9,41.6,runtime
268,13:49:51,0.275,3.38811,3.38811,0.0,66.0,29.8,runtime
269,13:49:52,0.26566,3.3565,3.3565,0.0,66.2,31.3,runtime
270,13:49:53,0.2675,3.36257,3.36257,0.0,66.3,32.9,runtime
271,13:49:54,0.275,3.38811,3.38811,0.0,66.5,34.4,runtime
272,13:49:55,0.2675,3.36257,3.36257,0.0,66.6,36.0,runtime
273,13:49:56,0.26382,3.35047,3.35047,0.0,66.8,37.6,runtime
274,13:49:57,0.275,3.38811,3.38811,0.0,66.9,39.2,runtime
275,13:49:58,0.26884,3.36706,3.36706,0.0,67.0,40.8,runtime
276,13:49:59,0.27,3.37095,3.37095,0.0,67.2,39.7,runtime
277,13:50:00,0.37157,3.82347,3.82347,0.0,67.3,15.8,runtime
287,13:50:10,0.17794,3.13609,3.13609,0.0,65.2,16.5,runtime
288,13:50:11,0.27068,3.37325,3.37325,0.0,65.4,30.4,runtime
289,13:50:12,0.2782,3.39936,3.39936,0.0,65.5,16.2,runtime
290,13:50:13,0.26933,3.36868,3.36868,0.0,65.6,30.0,runtime
291,13:50:14,0.275,3.38811,3.38811,0.0,65.8,35.9,runtime
292,13:50:15,0.29471,3.46098,3.46098,0.0,65.7,41.7,runtime
293,13:50:16,0.27,3.37095,3.37095,0.0,65.9,29.4,runtime
294,13:50:17,0.26,3.33821,3.33821,0.0,66.0,31.0,runtime
295,13:50:18,0.26316,3.34832,3.34832,0.0,66.1,32.5,runtime
297,13:50:20,0.2675,3.36257,3.36257,0.0,66.3,34.1,runtime
298,13:50:21,0.27068,3.37325,3.37325,0.0,66.4,35.5,runtime
299,13:50:22,0.26933,3.36868,3.36868,0.0,66.5,36.9,runtime
300,13:50:23,0.26566,3.3565,3.3565,0.0,66.7,38.2,runtime
301,13:50:24,0.27387,3.38419,3.38419,0.0,66.8,39.6,runtime
302,13:50:25,0.26566,3.3565,3.3565,0.0,66.9,41.0,runtime
303,13:50:26,0.5175,4.68306,4.68306,0.0,67.1,30.8,runtime
304,13:50:27,0.04738,3.08252,3.08252,0.0,67.3,15.8,runtime
314,13:50:37,0.26368,3.35002,3.35002,0.0,65.3,16.9,runtime
315,13:50:38,0.27889,3.40184,3.40184,0.0,65.4,31.4,runtime
316,13:50:39,0.26817,3.36481,3.36481,0.0,65.5,17.3,runtime
317,13:50:40,0.26817,3.36481,3.36481,0.0,65.6,30.3,runtime
318,13:50:41,0.27681,3.39445,3.39445,0.0,65.8,35.8,runtime
319,13:50:42,0.26817,3.36481,3.36481,0.0,65.9,41.4,runtime
320,13:50:43,0.27114,3.37483,3.37483,0.0,66.0,29.2,runtime
321,13:50:44,0.26566,3.3565,3.3565,0.0,66.1,30.7,runtime
322,13:50:45,0.27318,3.38181,3.38181,0.0,66.3,32.3,runtime
323,13:50:46,0.26566,3.3565,3.3565,0.0,66.4,33.8,runtime
324,13:50:47,0.2675,3.36257,3.36257,0.0,66.3,35.4,runtime
325,13:50:48,0.275,3.38811,3.38811,0.0,66.4,37.0,runtime
326,13:50:49,0.26566,3.3565,3.3565,0.0,66.6,38.5,runtime
327,13:50:50,0.2625,3.3462,3.3462,0.0,66.7,40.1,runtime
329,13:50:52,0.4411,4.2288,4.2288,0.0,66.8,41.7,runtime
330,13:50:53,0.15461,3.09542,3.09542,0.0,67.2,15.8,runtime
340,13:51:03,0.24372,3.28917,3.28917,0.0,65.3,25.3,runtime
341,13:51:04,0.27068,3.37325,3.37325,0.0,65.4,40.2,runtime
342,13:51:05,0.2625,3.3462,3.3462,0.0,65.5,27.4,runtime
344,13:51:07,0.27,3.37095,3.37095,0.0,65.7,34.0,runtime
345,13:51:08,0.27068,3.37325,3.37325,0.0,65.8,40.2,runtime
346,13:51:09,0.27318,3.38181,3.38181,0.0,65.9,29.0,runtime
347,13:51:10,0.2675,3.36257,3.36257,0.0,66.0,30.5,runtime
348,13:51:11,0.2675,3.36257,3.36257,0.0,66.1,32.0,runtime
349,13:51:13,0.27318,3.38181,3.38181,0.0,66.3,35.1,runtime
350,13:51:14,0.2675,3.36257,3.36257,0.0,66.5,36.7,runtime
351,13:51:15,0.26933,3.36868,3.36868,0.0,66.6,38.2,runtime
352,13:51:16,0.27318,3.38181,3.38181,0.0,66.7,39.8,runtime
353,13:51:17,0.26566,3.3565,3.3565,0.0,66.8,41.4,runtime
354,13:51:18,0.26817,3.36481,3.36481,0.0,67.0,28.6,runtime
355,13:51:19,0.51378,4.66197,4.66197,0.0,66.8,15.8,runtime
365,13:51:29,0.0325,3.14216,3.14216,0.0,65.4,24.0,runtime
366,13:51:30,0.26316,3.34832,3.34832,0.0,65.5,39.6,runtime
367,13:51:31,0.2825,3.41485,3.41485,0.0,65.4,25.8,runtime
368,13:51:32,0.27,3.37095,3.37095,0.0,65.5,33.9,runtime
369,13:51:33,0.2675,3.36257,3.36257,0.0,65.6,40.0,runtime
370,13:51:34,0.27569,3.39052,3.39052,0.0,65.8,33.7,runtime
372,13:51:36,0.2625,3.3462,3.3462,0.0,65.9,30.4,runtime
373,13:51:37,0.27136,3.37556,3.37556,0.0,66.0,31.9,runtime
374,13:51:38,0.2675,3.36257,3.36257,0.0,66.1,33.4,runtime
375,13:51:39,0.2675,3.36257,3.36257,0.0,66.2,35.0,runtime
376,13:51:40,0.275,3.38811,3.38811,0.0,66.3,36.5,runtime
377,13:51:41,0.26633,3.3587,3.3587,0.0,66.4,38.0,runtime
378,13:51:42,0.265,3.35432,3.35432,0.0,66.5,39.6,runtime
379,13:51:43,0.27318,3.38181,3.38181,0.0,66.6,41.1,runtime
380,13:51:44,0.2675,3.36257,3.36257,0.0,66.7,28.7,runtime
391,13:51:55,0.0525,3.06824,3.06824,0.0,65.3,21.4,runtime
392,13:51:56,0.27068,3.37325,3.37325,0.0,65.4,37.1,runtime
393,13:51:57,0.275,3.38811,3.38811,0.0,65.5,22.9,runtime
394,13:51:58,0.27638,3.39295,3.39295,0.0,65.6,32.8,runtime
395,13:51:59,0.26884,3.36706,3.36706,0.0,65.7,39.1,runtime
396,13:52:00,0.26633,3.3587,3.3587,0.0,65.6,41.7,runtime
397,13:52:01,0.27569,3.39052,3.39052,0.0,65.7,30.1,runtime
398,13:52:02,0.275,3.38811,3.38811,0.0,65.8,31.7,runtime
399,13:52:03,0.26683,3.36036,3.36036,0.0,65.9,33.2,runtime
401,13:52:05,0.25564,3.32456,3.32456,0.0,66.0,34.8,runtime
402,13:52:06,0.25815,3.33236,3.33236,0.0,66.1,36.4,runtime
403,13:52:07,0.275,3.38811,3.38811,0.0,66.2,37.9,runtime
404,13:52:08,0.2675,3.36257,3.36257,0.0,66.3,39.5,runtime
405,13:52:09,0.2675,3.36257,3.36257,0.0,66.4,41.1,runtime
406,13:52:10,0.275,3.38811,3.38811,0.0,66.5,28.7,runtime
417,13:52:21,0.08271,3.03017,3.03017,0.0,65.2,20.1,runtime
418,13:52:22,0.28321,3.41744,3.41744,0.0,65.3,35.5,runtime
419,13:52:23,0.27431,3.38573,3.38573,0.0,65.4,21.5,runtime
420,13:52:24,0.27068,3.37325,3.37325,0.0,65.5,32.1,runtime
421,13:52:25,0.27318,3.38181,3.38181,0.0,65.6,38.1,runtime
422,13:52:26,0.2675,3.36257,3.36257,0.0,65.7,41.7,runtime
423,13:52:27,0.29825,3.47495,3.47495,0.0,65.8,30.0,runtime
424,13:52:28,0.26566,3.3565,3.3565,0.0,65.9,31.6,runtime
425,13:52:29,0.2675,3.36257,3.36257,0.0,65.8,33.1,runtime
426,13:52:30,0.26566,3.3565,3.3565,0.0,65.9,34.7,runtime
427,13:52:31,0.27318,3.38181,3.38181,0.0,66.0,36.3,runtime
428,13:52:32,0.26566,3.3565,3.3565,0.0,66.1,37.9,runtime
430,13:52:34,0.26817,3.36481,3.36481,0.0,66.2,39.4,runtime
431,13:52:35,0.2575,3.33034,3.33034,0.0,66.3,41.0,runtime
432,13:52:36,0.26633,3.3587,3.3587,0.0,66.4,28.7,runtime
442,13:52:46,0.025,3.18448,3.18448,0.0,65.1,18.8,runtime
443,13:52:47,0.13033,3.06049,3.06049,0.0,65.2,34.2,runtime
445,13:52:49,0.2725,3.37947,3.37947,0.0,65.3,20.0,runtime
446,13:52:50,0.2575,3.33034,3.33034,0.0,65.4,31.7,runtime
447,13:52:51,0.27387,3.38419,3.38419,0.0,65.5,38.0,runtime
448,13:52:52,0.26633,3.3587,3.3587,0.0,65.6,41.7,runtime
449,13:52:53,0.29899,3.47795,3.47795,0.0,65.7,30.0,runtime
450,13:52:54,0.27136,3.37556,3.37556,0.0,65.8,31.5,runtime
451,13:52:55,0.26566,3.3565,3.3565,0.0,65.9,33.1,runtime
452,13:52:56,0.26817,3.36481,3.36481,0.0,66.0,34.7,runtime
453,13:52:57,0.265,3.35432,3.35432,0.0,66.0,36.3,runtime
454,13:52:58,0.2775,3.39689,3.39689,0.0,66.1,37.8,runtime
455,13:52:59,0.27,3.37095,3.37095,0.0,66.1,39.4,runtime
456,13:53:00,0.26566,3.3565,3.3565,0.0,66.2,41.0,runtime
457,13:53:01,0.27182,3.37714,3.37714,0.0,66.3,28.8,runtime
468,13:53:12,0.01504,3.25626,3.25626,0.0,65.2,18.0,runtime
469,13:53:13,0.18797,3.15553,3.15553,0.0,65.3,33.0,runtime
470,13:53:14,0.2725,3.37947,3.37947,0.0,65.2,19.1,runtime
471,13:53:15,0.26884,3.36706,3.36706,0.0,65.3,31.0,runtime
472,13:53:16,0.27318,3.38181,3.38181,0.0,65.4,37.0,runtime
473,13:53:17,0.27,3.37095,3.37095,0.0,65.5,41.7,runtime
475,13:53:19,0.28,3.4058,3.4058,0.0,65.6,29.8,runtime
476,13:53:20,0.26817,3.36481,3.36481,0.0,65.7,31.3,runtime
477,13:53:21,0.26633,3.3587,3.3587,0.0,65.8,32.9,runtime
478,13:53:22,0.27318,3.38181,3.38181,0.0,65.9,34.4,runtime
479,13:53:23,0.26566,3.3565,3.3565,0.0,65.9,36.0,runtime
480,13:53:24,0.27182,3.37714,3.37714,0.0,66.0,37.6,runtime
481,13:53:25,0.27638,3.39295,3.39295,0.0,66.1,39.1,runtime
482,13:53:26,0.2675,3.36257,3.36257,0.0,66.2,40.7,runtime
483,13:53:27,0.26817,3.36481,3.36481,0.0,66.3,41.7,runtime
484,13:53:28,0.3025,3.49213,3.49213,0.0,66.3,15.8,runtime
494,13:53:38,0.0199,3.21883,3.21883,0.0,65.1,16.4,runtime
495,13:53:39,0.21411,3.21229,3.21229,0.0,65.2,31.3,runtime
496,13:53:40,0.2825,3.41485,3.41485,0.0,65.3,17.3,runtime
497,13:53:41,0.27,3.37095,3.37095,0.0,65.4,30.4,runtime
498,13:53:42,0.27,3.37095,3.37095,0.0,65.5,36.0,runtime
499,13:53:43,0.27318,3.38181,3.38181,0.0,65.5,41.7,runtime
501,13:53:45,0.2775,3.39689,3.39689,0.0,65.5,29.5,runtime
502,13:53:46,0.25815,3.33236,3.33236,0.0,65.6,31.0,runtime
503,13:53:47,0.2575,3.33034,3.33034,0.0,65.7,32.5,runtime
504,13:53:48,0.26817,3.36481,3.36481,0.0,65.8,34.1,runtime
505,13:53:49,0.27136,3.37556,3.37556,0.0,65.9,35.6,runtime
506,13:53:50,0.26933,3.36868,3.36868,0.0,65.9,37.2,runtime
507,13:53:51,0.2675,3.36257,3.36257,0.0,66.0,38.8,runtime
508,13:53:52,0.275,3.38811,3.38811,0.0,66.1,40.3,runtime
509,13:53:53,0.26566,3.3565,3.3565,0.0,66.2,41.9,runtime
510,13:53:54,0.26817,3.36481,3.36481,0.0,66.4,15.8,runtime
520,13:54:04,0.02256,3.20034,3.20034,0.0,65.1,15.8,runtime
521,13:54:05,0.1725,3.12603,3.12603,0.0,65.2,26.2,runtime
522,13:54:06,0.27068,3.37325,3.37325,0.0,65.3,33.3,runtime
523,13:54:07,0.2807,3.40832,3.40832,0.0,65.3,28.3,runtime
524,13:54:08,0.2725,3.37947,3.37947,0.0,65.4,34.5,runtime
525,13:54:09,0.26933,3.36868,3.36868,0.0,65.5,40.6,runtime
526,13:54:10,0.27387,3.38419,3.38419,0.0,65.6,29.0,runtime
527,13:54:11,0.27068,3.37325,3.37325,0.0,65.6,30.6,runtime
528,13:54:12,0.27431,3.38573,3.38573,0.0,65.6,32.1,runtime
529,13:54:13,0.26566,3.3565,3.3565,0.0,65.7,33.7,runtime
530,13:54:14,0.26566,3.3565,3.3565,0.0,65.8,35.2,runtime
531,13:54:15,0.2675,3.36257,3.36257,0.0,65.8,36.8,runtime
533,13:54:17,0.2675,3.36257,3.36257,0.0,65.9,38.4,runtime
534,13:54:18,0.26,3.33821,3.33821,0.0,66.0,40.0,runtime
535,13:54:19,0.26316,3.34832,3.34832,0.0,66.1,41.6,runtime
536,13:54:20,0.37093,3.81998,3.81998,0.0,66.3,19.8,runtime
546,13:54:30,0.01504,3.25626,3.25626,0.0,65.1,23.1,runtime
547,13:54:31,0.22807,3.2467,3.2467,0.0,65.2,38.5,runtime
549,13:54:33,0.27182,3.37714,3.37714,0.0,65.2,24.3,runtime
550,13:54:34,0.2625,3.3462,3.3462,0.0,65.3,33.2,runtime
551,13:54:35,0.26316,3.34832,3.34832,0.0,65.4,39.2,runtime
552,13:54:36,0.2675,3.36257,3.36257,0.0,65.5,41.7,runtime
553,13:54:37,0.2807,3.40832,3.40832,0.0,65.5,30.1,runtime
554,13:54:38,0.26933,3.36868,3.36868,0.0,65.6,31.7,runtime
555,13:54:39,0.27681,3.39445,3.39445,0.0,65.7,33.2,runtime
556,13:54:40,0.26566,3.3565,3.3565,0.0,65.8,34.7,runtime
557,13:54:41,0.26566,3.3565,3.3565,0.0,65.8,36.3,runtime
558,13:54:42,0.2675,3.36257,3.36257,0.0,65.9,37.8,runtime
559,13:54:43,0.27136,3.37556,3.37556,0.0,66.0,39.3,runtime
560,13:54:44,0.26817,3.36481,3.36481,0.0,65.9,40.9,runtime
561,13:54:45,0.26933,3.36868,3.36868,0.0,66.0,35.8,runtime
562,13:54:46,0.32581,3.59322,3.59322,0.0,66.2,15.8,runtime
572,13:54:56,0.0175,3.23671,3.23671,0.0,65.1,16.6,runtime
573,13:54:57,0.2125,3.20853,3.20853,0.0,65.2,31.0,runtime
574,13:54:58,0.2807,3.40832,3.40832,0.0,65.3,16.8,runtime
575,13:54:59,0.275,3.38811,3.38811,0.0,65.3,30.3,runtime
576,13:55:00,0.26817,3.36481,3.36481,0.0,65.3,36.3,runtime
577,13:55:01,0.27708,3.3954,3.3954,0.0,65.4,41.7,runtime
579,13:55:03,0.2675,3.36257,3.36257,0.0,65.5,29.6,runtime
580,13:55:04,0.26,3.33821,3.33821,0.0,65.6,31.1,runtime
581,13:55:05,0.26566,3.3565,3.3565,0.0,65.6,32.7,runtime
582,13:55:06,0.2725,3.37947,3.37947,0.0,65.7,34.2,runtime
583,13:55:07,0.27,3.37095,3.37095,0.0,65.8,35.8,runtime
584,13:55:08,0.2675,3.36257,3.36257,0.0,65.8,37.4,runtime
585,13:55:09,0.2675,3.36257,3.36257,0.0,65.9,39.0,runtime
586,13:55:10,0.27387,3.38419,3.38419,0.0,66.0,40.5,runtime
587,13:55:11,0.26566,3.3565,3.3565,0.0,66.0,41.7,runtime
588,13:55:12,0.3591,3.75694,3.75694,0.0,66.2,15.8,runtime
598,13:55:22,0.02005,3.21775,3.21775,0.0,65.1,15.8,runtime
599,13:55:23,0.2,3.18051,3.18051,0.0,65.2,30.0,runtime
600,13:55:24,0.2725,3.37947,3.37947,0.0,65.2,15.8,runtime
601,13:55:25,0.2782,3.39936,3.39936,0.0,65.3,30.0,runtime
602,13:55:26,0.26566,3.3565,3.3565,0.0,65.4,35.6,runtime
603,13:55:27,0.26933,3.36868,3.36868,0.0,65.4,41.2,runtime
604,13:55:28,0.275,3.38811,3.38811,0.0,65.5,29.1,runtime
605,13:55:29,0.26382,3.35047,3.35047,0.0,65.5,30.7,runtime
606,13:55:30,0.2675,3.36257,3.36257,0.0,65.5,32.2,runtime
607,13:55:31,0.27318,3.38181,3.38181,0.0,65.6,33.8,runtime
608,13:55:32,0.2675,3.36257,3.36257,0.0,65.7,35.4,runtime
610,13:55:34,0.2725,3.37947,3.37947,0.0,65.7,37.0,runtime
611,13:55:35,0.26566,3.3565,3.3565,0.0,65.8,38.6,runtime
612,13:55:36,0.25935,3.33615,3.33615,0.0,65.9,40.1,runtime
613,13:55:37,0.265,3.35432,3.35432,0.0,65.9,41.7,runtime
614,13:55:38,0.45729,4.32702,4.32702,0.0,66.2,15.8,runtime
624,13:55:48,0.01504,3.25626,3.25626,0.0,65.1,25.1,runtime
625,13:55:49,0.255,3.32259,3.32259,0.0,65.2,40.8,runtime
627,13:55:51,0.27,3.37095,3.37095,0.0,65.2,27.2,runtime
628,13:55:52,0.275,3.38811,3.38811,0.0,65.3,34.3,runtime
629,13:55:53,0.25436,3.32065,3.32065,0.0,65.4,40.4,runtime
630,13:55:54,0.265,3.35432,3.35432,0.0,65.4,29.0,runtime
631,13:55:55,0.27638,3.39295,3.39295,0.0,65.5,30.6,runtime
632,13:55:56,0.265,3.35432,3.35432,0.0,65.6,32.1,runtime
633,13:55:57,0.275,3.38811,3.38811,0.0,65.6,33.7,runtime
634,13:55:58,0.2675,3.36257,3.36257,0.0,65.7,35.2,runtime
635,13:55:59,0.26817,3.36481,3.36481,0.0,65.7,36.8,runtime
636,13:56:00,0.26817,3.36481,3.36481,0.0,65.8,38.4,runtime
637,13:56:01,0.27,3.37095,3.37095,0.0,65.9,40.0,runtime
638,13:56:02,0.27068,3.37325,3.37325,0.0,65.8,41.5,runtime
639,13:56:03,0.27,3.37095,3.37095,0.0,66.0,23.8,runtime
649,13:56:13,0.01754,3.23637,3.23637,0.0,65.1,15.8,runtime
650,13:56:14,0.0798,3.03113,3.03113,0.0,65.1,23.6,runtime
651,13:56:15,0.27068,3.37325,3.37325,0.0,65.2,39.1,runtime
652,13:56:16,0.28,3.4058,3.4058,0.0,65.3,25.4,runtime
653,13:56:17,0.26817,3.36481,3.36481,0.0,65.3,33.7,runtime
654,13:56:18,0.26566,3.3565,3.3565,0.0,65.3,39.9,runtime
655,13:56:19,0.275,3.38811,3.38811,0.0,65.3,37.7,runtime
656,13:56:20,0.27,3.37095,3.37095,0.0,65.4,30.4,runtime
657,13:56:21,0.2675,3.36257,3.36257,0.0,65.5,31.9,runtime
659,13:56:23,0.26566,3.3565,3.3565,0.0,65.5,33.5,runtime
660,13:56:24,0.275,3.38811,3.38811,0.0,65.6,35.1,runtime
661,13:56:25,0.26566,3.3565,3.3565,0.0,65.6,36.7,runtime
662,13:56:26,0.2525,3.31498,3.31498,0.0,65.7,38.3,runtime
663,13:56:27,0.265,3.35432,3.35432,0.0,65.8,39.8,runtime
664,13:56:28,0.27318,3.38181,3.38181,0.0,65.8,41.4,runtime
665,13:56:29,0.26566,3.3565,3.3565,0.0,66.0,22.8,runtime
675,13:56:39,0.0175,3.23671,3.23671,0.0,65.1,15.8,runtime
676,13:56:40,0.1875,3.15459,3.15459,0.0,65.0,23.8,runtime
677,13:56:41,0.25935,3.33615,3.33615,0.0,65.1,39.3,runtime
678,13:56:42,0.26316,3.34832,3.34832,0.0,65.2,25.7,runtime
679,13:56:43,0.27638,3.39295,3.39295,0.0,65.2,33.7,runtime
680,13:56:44,0.2675,3.36257,3.36257,0.0,65.3,39.7,runtime
681,13:56:45,0.2675,3.36257,3.36257,0.0,65.4,40.0,runtime
682,13:56:46,0.28,3.4058,3.4058,0.0,65.4,30.4,runtime
683,13:56:47,0.26683,3.36036,3.36036,0.0,65.5,31.9,runtime
684,13:56:48,0.26817,3.36481,3.36481,0.0,65.5,33.4,runtime
685,13:56:49,0.2725,3.37947,3.37947,0.0,65.6,35.0,runtime
686,13:56:50,0.26933,3.36868,3.36868,0.0,65.6,36.6,runtime
687,13:56:51,0.27068,3.37325,3.37325,0.0,65.6,38.2,runtime
688,13:56:52,0.2675,3.36257,3.36257,0.0,65.7,39.8,runtime
689,13:56:53,0.26448,3.35264,3.35264,0.0,65.7,41.3,runtime
691,13:56:55,0.48628,4.50156,4.50156,0.0,65.9,28.8,runtime
701,13:57:05,0.01746,3.23704,3.23704,0.0,65.0,23.3,runtime
702,13:57:06,0.25879,3.3344,3.3344,0.0,65.0,38.9,runtime
703,13:57:07,0.2807,3.40832,3.40832,0.0,65.1,25.3,runtime
705,13:57:09,0.26817,3.36481,3.36481,0.0,65.2,33.7,runtime
706,13:57:10,0.27318,3.38181,3.38181,0.0,65.2,39.9,runtime
707,13:57:11,0.27182,3.37714,3.37714,0.0,65.3,30.7,runtime
708,13:57:12,0.26065,3.34028,3.34028,0.0,65.3,30.4,runtime
709,13:57:13,0.26065,3.34028,3.34028,0.0,65.4,32.0,runtime
710,13:57:14,0.265,3.35432,3.35432,0.0,65.4,33.5,runtime
711,13:57:15,0.2675,3.36257,3.36257,0.0,65.5,35.1,runtime
712,13:57:16,0.27318,3.38181,3.38181,0.0,65.6,36.6,runtime
713,13:57:17,0.26683,3.36036,3.36036,0.0,65.6,38.2,runtime
714,13:57:18,0.26817,3.36481,3.36481,0.0,65.7,39.8,runtime
715,13:57:19,0.27068,3.37325,3.37325,0.0,65.7,41.4,runtime
716,13:57:20,0.26566,3.3565,3.3565,0.0,65.8,26.8,runtime
726,13:57:30,0.0225,3.20072,3.20072,0.0,65.0,15.8,runtime
727,13:57:31,0.10025,3.03283,3.03283,0.0,65.0,23.4,runtime
728,13:57:32,0.27431,3.38573,3.38573,0.0,65.1,38.9,runtime
729,13:57:33,0.27182,3.37714,3.37714,0.0,65.1,25.2,runtime
730,13:57:34,0.27569,3.39052,3.39052,0.0,65.2,33.6,runtime
731,13:57:35,0.26566,3.3565,3.3565,0.0,65.2,39.6,runtime
732,13:57:36,0.26933,3.36868,3.36868,0.0,65.2,41.7,runtime
733,13:57:37,0.29146,3.44837,3.44837,0.0,65.2,30.3,runtime
734,13:57:38,0.26566,3.3565,3.3565,0.0,65.3,31.8,runtime
735,13:57:39,0.26566,3.3565,3.3565,0.0,65.4,33.4,runtime
737,13:57:41,0.26933,3.36868,3.36868,0.0,65.4,34.9,runtime
738,13:57:42,0.265,3.35432,3.35432,0.0,65.5,36.5,runtime
739,13:57:43,0.27318,3.38181,3.38181,0.0,65.5,38.1,runtime
740,13:57:44,0.265,3.35432,3.35432,0.0,65.6,39.7,runtime
741,13:57:45,0.2525,3.31498,3.31498,0.0,65.6,41.3,runtime
742,13:57:46,0.27318,3.38181,3.38181,0.0,65.8,25.8,runtime
752,13:57:56,0.015,3.25657,3.25657,0.0,64.9,15.8,runtime
753,13:57:57,0.19598,3.17195,3.17195,0.0,64.9,23.4,runtime
754,13:57:58,0.28,3.4058,3.4058,0.0,65.0,38.9,runtime
755,13:57:59,0.2625,3.3462,3.3462,0.0,65.0,25.2,runtime
756,13:58:00,0.26065,3.34028,3.34028,0.0,65.1,33.7,runtime
757,13:58:01,0.27,3.37095,3.37095,0.0,65.1,39.9,runtime
758,13:58:02,0.27387,3.38419,3.38419,0.0,65.2,36.7,runtime
759,13:58:03,0.27068,3.37325,3.37325,0.0,65.2,30.4,runtime
760,13:58:04,0.27136,3.37556,3.37556,0.0,65.3,31.9,runtime
761,13:58:05,0.26683,3.36036,3.36036,0.0,65.4,33.5,runtime
762,13:58:06,0.2675,3.36257,3.36257,0.0,65.4,35.0,runtime
763,13:58:07,0.27318,3.38181,3.38181,0.0,65.4,36.6,runtime
764,13:58:08,0.26633,3.3587,3.3587,0.0,65.4,38.2,runtime
765,13:58:09,0.26683,3.36036,3.36036,0.0,65.5,39.7,runtime
766,13:58:10,0.27136,3.37556,3.37556,0.0,65.5,41.3,runtime
767,13:58:11,0.2675,3.36257,3.36257,0.0,65.7,27.8,runtime
