,time,CPU Utilization,Total Power,power_cpu,power_gpu,%CPU,%mem,startstop
0,13:13:15,0.23404,3.2624,3.2624,0.0,116.0,1.2,runtime
1,13:13:16,0.2137,3.21133,3.21133,0.0,96.0,1.9,runtime
2,13:13:17,0.21372,3.21138,3.21138,0.0,90.6,2.5,runtime
3,13:13:18,0.13174,3.06227,3.06227,0.0,59.6,3.6,runtime
4,13:13:19,0.09718,3.03145,3.03145,0.0,52.3,4.8,runtime
5,13:13:20,0.09317,3.03019,3.03019,0.0,46.8,6.0,runtime
6,13:13:21,0.09877,3.03212,3.03212,0.0,43.3,7.3,runtime
8,13:13:23,0.09006,3.02966,3.02966,0.0,40.1,8.5,runtime
9,13:13:24,0.08202,3.03036,3.03036,0.0,37.5,9.8,runtime
10,13:13:25,0.09404,3.03041,3.03041,0.0,35.3,11.0,runtime
11,13:13:26,0.0875,3.02955,3.02955,0.0,33.5,12.2,runtime
12,13:13:27,0.11656,3.04509,3.04509,0.0,32.4,13.5,runtime
13,13:13:28,0.21311,3.20996,3.20996,0.0,33.7,20.4,runtime
14,13:13:29,0.27182,3.37714,3.37714,0.0,38.6,20.5,runtime
15,13:13:30,0.27,3.37095,3.37095,0.0,42.8,31.4,runtime
16,13:13:31,0.26566,3.3565,3.3565,0.0,46.6,37.0,runtime
17,13:13:32,0.27318,3.38181,3.38181,0.0,48.2,41.5,runtime
18,13:13:33,0.3175,3.55583,3.55583,0.0,51.1,29.3,runtime
20,13:13:35,0.27,3.37095,3.37095,0.0,53.8,30.4,runtime
21,13:13:36,0.26566,3.3565,3.3565,0.0,56.1,31.5,runtime
22,13:13:37,0.27387,3.38419,3.38419,0.0,58.3,32.5,runtime
23,13:13:38,0.2675,3.36257,3.36257,0.0,60.4,33.6,runtime
24,13:13:39,0.26817,3.36481,3.36481,0.0,62.2,34.7,runtime
25,13:13:40,0.215,3.2144,3.2144,0.0,63.9,16.1,runtime
35,13:13:50,0.0291,3.1602,3.1602,0.0,46.2,15.6,runtime
36,13:13:51,0.09598,3.03101,3.03101,0.0,45.2,16.3,runtime
37,13:13:52,0.25131,3.31139,3.31139,0.0,45.5,23.0,runtime
38,13:13:53,0.2641,3.35139,3.35139,0.0,46.4,34.0,runtime
39,13:13:54,0.26884,3.36706,3.36706,0.0,47.9,19.8,runtime
40,13:13:55,0.27318,3.38181,3.38181,0.0,49.3,31.3,runtime
41,13:13:56,0.26817,3.36481,3.36481,0.0,50.7,37.1,runtime
42,13:13:57,0.31078,3.52667,3.52667,0.0,52.4,41.6,runtime
43,13:13:58,0.26382,3.35047,3.35047,0.0,52.4,29.5,runtime
44,13:13:59,0.2675,3.36257,3.36257,0.0,53.6,30.6,runtime
45,13:14:00,0.26933,3.36868,3.36868,0.0,54.7,31.7,runtime
46,13:14:01,0.2807,3.40832,3.40832,0.0,55.8,32.8,runtime
47,13:14:02,0.2675,3.36257,3.36257,0.0,56.8,33.9,runtime
49,13:14:04,0.27318,3.38181,3.38181,0.0,57.8,34.9,runtime
50,13:14:05,0.12,3.04856,3.04856,0.0,58.7,15.7,runtime
60,13:14:15,0.08219,3.03031,3.03031,0.0,48.6,17.8,runtime
61,13:14:16,0.18362,3.14694,3.14694,0.0,49.0,26.7,runtime
62,13:14:17,0.27363,3.38336,3.38336,0.0,49.9,28.5,runtime
64,13:14:19,0.27889,3.40184,3.40184,0.0,50.8,28.8,runtime
65,13:14:20,0.2675,3.36257,3.36257,0.0,51.6,34.2,runtime
66,13:14:21,0.27,3.37095,3.37095,0.0,52.4,39.8,runtime
67,13:14:22,0.2925,3.45239,3.45239,0.0,53.2,41.7,runtime
68,13:14:23,0.26933,3.36868,3.36868,0.0,54.0,29.8,runtime
69,13:14:24,0.2675,3.36257,3.36257,0.0,54.8,30.9,runtime
70,13:14:25,0.275,3.38811,3.38811,0.0,55.5,32.0,runtime
71,13:14:26,0.26566,3.3565,3.3565,0.0,56.2,33.1,runtime
72,13:14:27,0.26817,3.36481,3.36481,0.0,56.9,34.1,runtime
73,13:14:28,0.275,3.38811,3.38811,0.0,57.5,35.2,runtime
74,13:14:29,0.18546,3.15056,3.15056,0.0,57.8,15.7,runtime
84,13:14:39,0.07634,3.03289,3.03289,0.0,51.0,15.7,runtime
85,13:14:40,0.2,3.18051,3.18051,0.0,50.9,20.3,runtime
86,13:14:41,0.2725,3.37947,3.37947,0.0,51.5,35.1,runtime
87,13:14:42,0.27068,3.37325,3.37325,0.0,52.2,21.2,runtime
88,13:14:43,0.27681,3.39445,3.39445,0.0,52.8,32.0,runtime
89,13:14:44,0.25815,3.33236,3.33236,0.0,53.4,38.2,runtime
90,13:14:45,0.2625,3.3462,3.3462,0.0,53.5,41.7,runtime
91,13:14:46,0.30326,3.49523,3.49523,0.0,54.1,29.7,runtime
93,13:14:48,0.2675,3.36257,3.36257,0.0,54.6,30.8,runtime
94,13:14:49,0.275,3.38811,3.38811,0.0,55.2,31.8,runtime
95,13:14:50,0.26566,3.3565,3.3565,0.0,55.7,32.9,runtime
96,13:14:51,0.26633,3.3587,3.3587,0.0,56.2,34.0,runtime
97,13:14:52,0.275,3.38811,3.38811,0.0,56.7,35.1,runtime
98,13:14:53,0.14214,3.07643,3.07643,0.0,57.1,15.8,runtime
109,13:15:04,0.24274,3.2864,3.2864,0.0,51.8,20.4,runtime
110,13:15:05,0.275,3.38811,3.38811,0.0,52.3,34.8,runtime
111,13:15:06,0.27182,3.37714,3.37714,0.0,52.7,20.5,runtime
112,13:15:07,0.27569,3.39052,3.39052,0.0,53.2,31.6,runtime
113,13:15:08,0.26566,3.3565,3.3565,0.0,53.7,37.8,runtime
114,13:15:09,0.31234,3.53337,3.53337,0.0,54.3,41.7,runtime
115,13:15:10,0.27681,3.39445,3.39445,0.0,54.7,29.7,runtime
116,13:15:11,0.26566,3.3565,3.3565,0.0,55.2,30.7,runtime
117,13:15:12,0.26185,3.34409,3.34409,0.0,55.1,31.8,runtime
118,13:15:13,0.26316,3.34832,3.34832,0.0,55.6,32.9,runtime
119,13:15:14,0.2675,3.36257,3.36257,0.0,56.0,34.0,runtime
120,13:15:15,0.2675,3.36257,3.36257,0.0,56.4,35.1,runtime
121,13:15:16,0.27136,3.37556,3.37556,0.0,56.7,15.8,runtime
131,13:15:26,0.01003,3.30009,3.30009,0.0,52.4,15.8,runtime
132,13:15:27,0.15818,3.10122,3.10122,0.0,52.5,23.4,runtime
133,13:15:28,0.285,3.42403,3.42403,0.0,52.9,38.9,runtime
134,13:15:29,0.27136,3.37556,3.37556,0.0,53.3,24.6,runtime
136,13:15:31,0.27318,3.38181,3.38181,0.0,53.7,33.0,runtime
137,13:15:32,0.27068,3.37325,3.37325,0.0,54.1,39.0,runtime
138,13:15:33,0.27136,3.37556,3.37556,0.0,54.5,41.7,runtime
139,13:15:34,0.27318,3.38181,3.38181,0.0,54.9,29.8,runtime
140,13:15:35,0.2675,3.36257,3.36257,0.0,55.2,30.8,runtime
141,13:15:36,0.2675,3.36257,3.36257,0.0,55.6,31.9,runtime
142,13:15:37,0.27318,3.38181,3.38181,0.0,55.9,33.0,runtime
143,13:15:38,0.2675,3.36257,3.36257,0.0,56.3,34.1,runtime
144,13:15:39,0.26633,3.3587,3.3587,0.0,56.6,35.2,runtime
145,13:15:40,0.1975,3.17516,3.17516,0.0,56.8,15.8,runtime
155,13:15:50,0.09774,3.03168,3.03168,0.0,53.2,15.8,runtime
156,13:15:51,0.22252,3.23265,3.23265,0.0,53.3,23.8,runtime
157,13:15:52,0.2807,3.40832,3.40832,0.0,53.6,39.6,runtime
158,13:15:53,0.27182,3.37714,3.37714,0.0,54.0,25.9,runtime
159,13:15:54,0.27182,3.37714,3.37714,0.0,54.3,33.4,runtime
160,13:15:55,0.27569,3.39052,3.39052,0.0,54.6,39.3,runtime
161,13:15:56,0.26817,3.36481,3.36481,0.0,54.6,41.7,runtime
162,13:15:57,0.255,3.32259,3.32259,0.0,54.9,29.9,runtime
163,13:15:58,0.27182,3.37714,3.37714,0.0,55.2,30.9,runtime
164,13:15:59,0.27,3.37095,3.37095,0.0,55.5,32.0,runtime
166,13:16:01,0.28571,3.42668,3.42668,0.0,55.8,33.1,runtime
167,13:16:02,0.26566,3.3565,3.3565,0.0,56.1,34.2,runtime
168,13:16:03,0.26566,3.3565,3.3565,0.0,56.4,35.3,runtime
169,13:16:04,0.075,3.03377,3.03377,0.0,56.6,15.8,runtime
179,13:16:14,0.15364,3.09387,3.09387,0.0,53.5,23.5,runtime
180,13:16:15,0.27318,3.38181,3.38181,0.0,53.8,39.1,runtime
182,13:16:17,0.27068,3.37325,3.37325,0.0,54.1,24.8,runtime
183,13:16:18,0.26817,3.36481,3.36481,0.0,54.4,33.4,runtime
184,13:16:19,0.27569,3.39052,3.39052,0.0,54.6,39.5,runtime
185,13:16:20,0.2725,3.37947,3.37947,0.0,54.9,41.8,runtime
186,13:16:21,0.26933,3.36868,3.36868,0.0,55.2,29.9,runtime
187,13:16:22,0.27387,3.38419,3.38419,0.0,55.5,31.0,runtime
188,13:16:23,0.2675,3.36257,3.36257,0.0,55.7,32.1,runtime
189,13:16:24,0.26566,3.3565,3.3565,0.0,56.0,33.1,runtime
190,13:16:25,0.27318,3.38181,3.38181,0.0,56.3,34.2,runtime
191,13:16:26,0.2675,3.36257,3.36257,0.0,56.5,35.3,runtime
192,13:16:27,0.18296,3.14566,3.14566,0.0,56.6,15.8,runtime
202,13:16:37,0.12782,3.0574,3.0574,0.0,53.8,15.8,runtime
203,13:16:38,0.23684,3.26998,3.26998,0.0,54.0,25.9,runtime
204,13:16:39,0.2725,3.37947,3.37947,0.0,54.2,37.3,runtime
205,13:16:40,0.2782,3.39936,3.39936,0.0,54.5,28.1,runtime
206,13:16:41,0.2675,3.36257,3.36257,0.0,54.8,34.8,runtime
207,13:16:42,0.2675,3.36257,3.36257,0.0,55.0,41.0,runtime
208,13:16:43,0.28141,3.41088,3.41088,0.0,55.0,29.1,runtime
209,13:16:44,0.255,3.32259,3.32259,0.0,55.2,30.2,runtime
210,13:16:45,0.26633,3.3587,3.3587,0.0,55.5,31.2,runtime
211,13:16:46,0.2725,3.37947,3.37947,0.0,55.7,32.3,runtime
213,13:16:48,0.26933,3.36868,3.36868,0.0,55.9,33.4,runtime
214,13:16:49,0.27387,3.38419,3.38419,0.0,56.2,34.5,runtime
215,13:16:50,0.2475,3.3001,3.3001,0.0,56.4,35.3,runtime
225,13:17:00,0.0401,3.10805,3.10805,0.0,54.0,18.6,runtime
227,13:17:02,0.275,3.38811,3.38811,0.0,54.1,30.1,runtime
228,13:17:03,0.26817,3.36481,3.36481,0.0,54.4,16.0,runtime
229,13:17:04,0.27387,3.38419,3.38419,0.0,54.6,30.0,runtime
230,13:17:05,0.26566,3.3565,3.3565,0.0,54.8,35.7,runtime
231,13:17:06,0.27,3.37095,3.37095,0.0,55.0,41.3,runtime
232,13:17:07,0.27569,3.39052,3.39052,0.0,55.3,29.1,runtime
233,13:17:08,0.2675,3.36257,3.36257,0.0,55.5,30.2,runtime
234,13:17:09,0.2675,3.36257,3.36257,0.0,55.7,31.3,runtime
235,13:17:10,0.27318,3.38181,3.38181,0.0,55.9,32.3,runtime
236,13:17:11,0.26566,3.3565,3.3565,0.0,56.1,33.4,runtime
237,13:17:12,0.2675,3.36257,3.36257,0.0,56.3,34.5,runtime
238,13:17:13,0.2782,3.39936,3.39936,0.0,56.6,35.3,runtime
239,13:17:14,0.12,3.04856,3.04856,0.0,56.3,15.8,runtime
249,13:17:24,0.1599,3.10407,3.10407,0.0,54.3,17.5,runtime
250,13:17:25,0.26098,3.34133,3.34133,0.0,54.5,28.9,runtime
251,13:17:26,0.26566,3.3565,3.3565,0.0,54.7,15.8,runtime
252,13:17:27,0.26448,3.35264,3.35264,0.0,54.9,29.7,runtime
253,13:17:28,0.2775,3.39689,3.39689,0.0,55.1,35.3,runtime
254,13:17:29,0.26817,3.36481,3.36481,0.0,55.1,40.8,runtime
255,13:17:30,0.26316,3.34832,3.34832,0.0,55.3,29.1,runtime
256,13:17:31,0.26683,3.36036,3.36036,0.0,55.5,30.1,runtime
257,13:17:32,0.2675,3.36257,3.36257,0.0,55.7,31.2,runtime
259,13:17:34,0.27387,3.38419,3.38419,0.0,55.9,32.3,runtime
260,13:17:35,0.2675,3.36257,3.36257,0.0,56.0,33.4,runtime
261,13:17:36,0.26566,3.3565,3.3565,0.0,56.2,34.5,runtime
262,13:17:37,0.26566,3.3565,3.3565,0.0,56.4,35.5,runtime
272,13:17:47,0.0125,3.27776,3.27776,0.0,54.4,17.2,runtime
273,13:17:48,0.23622,3.26828,3.26828,0.0,54.5,28.5,runtime
275,13:17:50,0.27835,3.39991,3.39991,0.0,54.7,15.8,runtime
276,13:17:51,0.2675,3.36257,3.36257,0.0,54.9,29.4,runtime
277,13:17:52,0.27204,3.37789,3.37789,0.0,55.1,35.7,runtime
278,13:17:53,0.29574,3.46502,3.46502,0.0,55.3,41.8,runtime
279,13:17:54,0.2675,3.36257,3.36257,0.0,55.5,29.4,runtime
280,13:17:55,0.28351,3.41852,3.41852,0.0,55.7,30.4,runtime
281,13:17:56,0.26566,3.3565,3.3565,0.0,55.9,31.5,runtime
282,13:17:57,0.26933,3.36868,3.36868,0.0,56.0,32.6,runtime
283,13:17:58,0.26633,3.3587,3.3587,0.0,56.2,33.7,runtime
284,13:17:59,0.26566,3.3565,3.3565,0.0,56.4,34.8,runtime
285,13:18:00,0.27431,3.38573,3.38573,0.0,56.4,30.3,runtime
286,13:18:01,0.06977,3.03829,3.03829,0.0,56.3,15.8,runtime
296,13:18:11,0.18063,3.14117,3.14117,0.0,54.7,20.8,runtime
297,13:18:12,0.27068,3.37325,3.37325,0.0,54.8,32.8,runtime
298,13:18:13,0.2782,3.39936,3.39936,0.0,55.0,18.9,runtime
299,13:18:14,0.26633,3.3587,3.3587,0.0,55.0,31.2,runtime
300,13:18:15,0.26933,3.36868,3.36868,0.0,55.1,37.2,runtime
301,13:18:16,0.2675,3.36257,3.36257,0.0,55.4,41.8,runtime
303,13:18:18,0.2675,3.36257,3.36257,0.0,55.5,29.6,runtime
304,13:18:19,0.275,3.38811,3.38811,0.0,55.7,30.7,runtime
305,13:18:20,0.2675,3.36257,3.36257,0.0,55.9,31.8,runtime
306,13:18:21,0.26933,3.36868,3.36868,0.0,56.0,32.9,runtime
307,13:18:22,0.27318,3.38181,3.38181,0.0,56.2,33.9,runtime
308,13:18:23,0.26566,3.3565,3.3565,0.0,56.4,35.0,runtime
309,13:18:24,0.1725,3.12603,3.12603,0.0,56.5,15.8,runtime
319,13:18:34,0.1175,3.04601,3.04601,0.0,54.7,15.8,runtime
320,13:18:35,0.25193,3.31325,3.31325,0.0,54.8,23.0,runtime
321,13:18:36,0.27318,3.38181,3.38181,0.0,54.9,38.6,runtime
322,13:18:37,0.2782,3.39936,3.39936,0.0,55.1,24.5,runtime
323,13:18:38,0.26933,3.36868,3.36868,0.0,55.2,33.0,runtime
324,13:18:39,0.26566,3.3565,3.3565,0.0,55.4,38.6,runtime
325,13:18:40,0.31566,3.54773,3.54773,0.0,55.6,41.8,runtime
326,13:18:41,0.26933,3.36868,3.36868,0.0,55.7,29.8,runtime
327,13:18:42,0.2675,3.36257,3.36257,0.0,55.7,30.8,runtime
328,13:18:43,0.27204,3.37789,3.37789,0.0,55.9,31.9,runtime
329,13:18:44,0.26065,3.34028,3.34028,0.0,56.0,33.0,runtime
330,13:18:45,0.25935,3.33615,3.33615,0.0,56.2,34.1,runtime
332,13:18:47,0.2675,3.36257,3.36257,0.0,56.3,35.1,runtime
333,13:18:48,0.03509,3.12962,3.12962,0.0,56.4,15.8,runtime
343,13:18:58,0.22572,3.2407,3.2407,0.0,54.8,22.7,runtime
344,13:18:59,0.27363,3.38336,3.38336,0.0,55.0,37.8,runtime
345,13:19:00,0.24874,3.30376,3.30376,0.0,55.1,24.0,runtime
347,13:19:02,0.26933,3.36868,3.36868,0.0,55.3,33.1,runtime
348,13:19:03,0.26566,3.3565,3.3565,0.0,55.4,39.1,runtime
349,13:19:04,0.27708,3.3954,3.3954,0.0,55.6,41.8,runtime
350,13:19:05,0.2675,3.36257,3.36257,0.0,55.7,29.9,runtime
351,13:19:06,0.26933,3.36868,3.36868,0.0,55.9,30.9,runtime
352,13:19:07,0.27318,3.38181,3.38181,0.0,56.0,32.0,runtime
353,13:19:08,0.26382,3.35047,3.35047,0.0,56.1,33.1,runtime
354,13:19:09,0.26566,3.3565,3.3565,0.0,56.3,34.2,runtime
355,13:19:10,0.27318,3.38181,3.38181,0.0,56.4,35.2,runtime
356,13:19:11,0.1375,3.0699,3.0699,0.0,56.5,15.8,runtime
366,13:19:21,0.15578,3.0973,3.0973,0.0,55.0,15.8,runtime
367,13:19:22,0.26221,3.34527,3.34527,0.0,55.0,27.0,runtime
368,13:19:23,0.27,3.37095,3.37095,0.0,55.2,27.0,runtime
369,13:19:24,0.275,3.38811,3.38811,0.0,55.3,29.0,runtime
370,13:19:25,0.27387,3.38419,3.38419,0.0,55.5,34.6,runtime
371,13:19:26,0.26933,3.36868,3.36868,0.0,55.6,40.1,runtime
372,13:19:27,0.27068,3.37325,3.37325,0.0,55.7,33.8,runtime
373,13:19:28,0.2725,3.37947,3.37947,0.0,55.7,30.0,runtime
374,13:19:29,0.26566,3.3565,3.3565,0.0,55.9,31.1,runtime
375,13:19:30,0.26316,3.34832,3.34832,0.0,56.0,32.1,runtime
376,13:19:31,0.26,3.33821,3.33821,0.0,56.1,33.2,runtime
378,13:19:33,0.26566,3.3565,3.3565,0.0,56.3,34.3,runtime
379,13:19:34,0.25313,3.31689,3.31689,0.0,56.4,35.4,runtime
389,13:19:44,0.03759,3.1184,3.1184,0.0,55.0,15.9,runtime
390,13:19:45,0.2545,3.32106,3.32106,0.0,55.1,28.5,runtime
391,13:19:46,0.2625,3.3462,3.3462,0.0,55.2,15.9,runtime
393,13:19:48,0.27,3.37095,3.37095,0.0,55.4,29.3,runtime
394,13:19:49,0.27387,3.38419,3.38419,0.0,55.5,35.5,runtime
395,13:19:50,0.27,3.37095,3.37095,0.0,55.6,41.7,runtime
396,13:19:51,0.2675,3.36257,3.36257,0.0,55.7,29.2,runtime
397,13:19:52,0.27387,3.38419,3.38419,0.0,55.9,30.3,runtime
398,13:19:53,0.27,3.37095,3.37095,0.0,56.0,31.4,runtime
399,13:19:54,0.26382,3.35047,3.35047,0.0,56.1,32.5,runtime
400,13:19:55,0.275,3.38811,3.38811,0.0,56.2,33.5,runtime
401,13:19:56,0.26817,3.36481,3.36481,0.0,56.4,34.6,runtime
402,13:19:57,0.27068,3.37325,3.37325,0.0,56.5,35.3,runtime
403,13:19:58,0.03518,3.12921,3.12921,0.0,56.4,15.9,runtime
413,13:20:08,0.23393,3.26211,3.26211,0.0,55.2,18.9,runtime
414,13:20:09,0.2725,3.37947,3.37947,0.0,55.3,32.0,runtime
415,13:20:10,0.2782,3.39936,3.39936,0.0,55.4,18.1,runtime
416,13:20:11,0.2675,3.36257,3.36257,0.0,55.5,31.0,runtime
417,13:20:12,0.27,3.37095,3.37095,0.0,55.6,37.4,runtime
418,13:20:13,0.33838,3.65249,3.65249,0.0,55.7,41.8,runtime
419,13:20:14,0.2725,3.37947,3.37947,0.0,55.8,29.7,runtime
420,13:20:15,0.2625,3.3462,3.3462,0.0,55.9,30.7,runtime
422,13:20:17,0.26566,3.3565,3.3565,0.0,56.0,31.8,runtime
423,13:20:18,0.26817,3.36481,3.36481,0.0,56.1,32.9,runtime
424,13:20:19,0.275,3.38811,3.38811,0.0,56.2,34.0,runtime
425,13:20:20,0.26633,3.3587,3.3587,0.0,56.4,35.1,runtime
426,13:20:21,0.0875,3.02955,3.02955,0.0,56.5,15.9,runtime
436,13:20:31,0.18605,3.1517,3.1517,0.0,55.2,23.5,runtime
437,13:20:32,0.25436,3.32065,3.32065,0.0,55.3,39.4,runtime
439,13:20:34,0.27708,3.3954,3.3954,0.0,55.4,25.2,runtime
440,13:20:35,0.27182,3.37714,3.37714,0.0,55.5,33.2,runtime
441,13:20:36,0.26566,3.3565,3.3565,0.0,55.7,38.8,runtime
442,13:20:37,0.29323,3.45523,3.45523,0.0,55.8,41.8,runtime
443,13:20:38,0.27182,3.37714,3.37714,0.0,55.9,29.8,runtime
444,13:20:39,0.26566,3.3565,3.3565,0.0,56.0,30.9,runtime
445,13:20:40,0.27318,3.38181,3.38181,0.0,56.1,31.9,runtime
446,13:20:41,0.2675,3.36257,3.36257,0.0,56.2,33.0,runtime
447,13:20:42,0.26817,3.36481,3.36481,0.0,56.3,34.1,runtime
448,13:20:44,0.27136,3.37556,3.37556,0.0,56.4,15.9,runtime
458,13:20:54,0.0175,3.23671,3.23671,0.0,55.3,15.9,runtime
459,13:20:55,0.10025,3.03283,3.03283,0.0,55.3,25.1,runtime
460,13:20:56,0.26667,3.35981,3.35981,0.0,55.5,40.9,runtime
461,13:20:57,0.27136,3.37556,3.37556,0.0,55.6,27.1,runtime
462,13:20:58,0.2725,3.37947,3.37947,0.0,55.7,34.0,runtime
463,13:20:59,0.2793,3.4033,3.4033,0.0,55.7,40.3,runtime
464,13:21:00,0.26817,3.36481,3.36481,0.0,55.8,31.8,runtime
465,13:21:01,0.2725,3.37947,3.37947,0.0,55.9,30.1,runtime
466,13:21:02,0.28321,3.41744,3.41744,0.0,56.0,31.1,runtime
468,13:21:04,0.25063,3.30935,3.30935,0.0,56.1,32.2,runtime
469,13:21:05,0.275,3.38811,3.38811,0.0,56.2,33.3,runtime
470,13:21:06,0.26566,3.3565,3.3565,0.0,56.3,34.4,runtime
471,13:21:07,0.2675,3.36257,3.36257,0.0,56.4,35.4,runtime
481,13:21:17,0.0225,3.20072,3.20072,0.0,55.3,16.0,runtime
482,13:21:18,0.04738,3.08252,3.08252,0.0,55.4,28.8,runtime
484,13:21:20,0.25815,3.33236,3.33236,0.0,55.5,15.9,runtime
485,13:21:21,0.2675,3.36257,3.36257,0.0,55.6,29.7,runtime
486,13:21:22,0.26817,3.36481,3.36481,0.0,55.7,35.9,runtime
487,13:21:23,0.275,3.38811,3.38811,0.0,55.8,41.8,runtime
488,13:21:24,0.3125,3.53405,3.53405,0.0,55.9,29.4,runtime
489,13:21:25,0.26566,3.3565,3.3565,0.0,56.0,30.5,runtime
490,13:21:26,0.27318,3.38181,3.38181,0.0,56.1,31.6,runtime
491,13:21:27,0.26566,3.3565,3.3565,0.0,56.2,32.7,runtime
492,13:21:28,0.2675,3.36257,3.36257,0.0,56.3,33.7,runtime
493,13:21:29,0.27318,3.38181,3.38181,0.0,56.3,34.8,runtime
494,13:21:30,0.26566,3.3565,3.3565,0.0,56.4,22.4,runtime
495,13:21:31,0.27182,3.37714,3.37714,0.0,56.3,15.9,runtime
505,13:21:41,0.02256,3.20034,3.20034,0.0,55.4,22.7,runtime
506,13:21:42,0.24679,3.29802,3.29802,0.0,55.5,35.8,runtime
507,13:21:43,0.2725,3.37947,3.37947,0.0,55.6,21.9,runtime
508,13:21:44,0.2782,3.39936,3.39936,0.0,55.6,32.0,runtime
509,13:21:45,0.26933,3.36868,3.36868,0.0,55.7,37.5,runtime
510,13:21:46,0.2675,3.36257,3.36257,0.0,55.8,41.8,runtime
512,13:21:48,0.27569,3.39052,3.39052,0.0,55.9,29.6,runtime
513,13:21:49,0.27,3.37095,3.37095,0.0,56.0,30.7,runtime
514,13:21:50,0.27318,3.38181,3.38181,0.0,56.1,31.8,runtime
515,13:21:51,0.2675,3.36257,3.36257,0.0,56.2,32.9,runtime
516,13:21:52,0.26382,3.35047,3.35047,0.0,56.3,33.9,runtime
517,13:21:53,0.2775,3.39689,3.39689,0.0,56.4,35.0,runtime
518,13:21:54,0.2675,3.36257,3.36257,0.0,56.5,15.9,runtime
528,13:22:04,0.03,3.15525,3.15525,0.0,55.5,15.9,runtime
529,13:22:05,0.14286,3.07746,3.07746,0.0,55.5,25.1,runtime
530,13:22:06,0.27318,3.38181,3.38181,0.0,55.6,40.9,runtime
531,13:22:07,0.2725,3.37947,3.37947,0.0,55.7,27.3,runtime
532,13:22:08,0.28,3.4058,3.4058,0.0,55.8,34.2,runtime
533,13:22:09,0.26566,3.3565,3.3565,0.0,55.9,40.3,runtime
534,13:22:10,0.2675,3.36257,3.36257,0.0,56.0,29.7,runtime
535,13:22:11,0.2782,3.39936,3.39936,0.0,56.1,30.1,runtime
536,13:22:12,0.26933,3.36868,3.36868,0.0,56.1,31.1,runtime
537,13:22:13,0.26633,3.3587,3.3587,0.0,56.1,32.2,runtime
538,13:22:14,0.27318,3.38181,3.38181,0.0,56.2,33.3,runtime
539,13:22:15,0.26566,3.3565,3.3565,0.0,56.3,34.4,runtime
540,13:22:16,0.2675,3.36257,3.36257,0.0,56.4,35.5,runtime
551,13:22:27,0.01256,3.27721,3.27721,0.0,55.5,16.4,runtime
552,13:22:28,0.1203,3.04888,3.04888,0.0,55.5,30.1,runtime
553,13:22:29,0.2807,3.40832,3.40832,0.0,55.6,16.1,runtime
554,13:22:30,0.26817,3.36481,3.36481,0.0,55.7,30.1,runtime
555,13:22:31,0.26933,3.36868,3.36868,0.0,55.8,36.0,runtime
557,13:22:33,0.26316,3.34832,3.34832,0.0,55.9,41.8,runtime
558,13:22:34,0.2975,3.47199,3.47199,0.0,56.0,29.4,runtime
559,13:22:35,0.27318,3.38181,3.38181,0.0,56.1,30.5,runtime
560,13:22:36,0.26817,3.36481,3.36481,0.0,56.2,31.6,runtime
561,13:22:37,0.2675,3.36257,3.36257,0.0,56.3,32.6,runtime
562,13:22:38,0.27136,3.37556,3.37556,0.0,56.4,33.7,runtime
563,13:22:39,0.26817,3.36481,3.36481,0.0,56.4,34.8,runtime
564,13:22:40,0.2675,3.36257,3.36257,0.0,56.5,24.3,runtime
574,13:22:50,0.03518,3.12921,3.12921,0.0,55.6,15.9,runtime
575,13:22:51,0.065,3.04409,3.04409,0.0,55.6,22.2,runtime
576,13:22:52,0.27318,3.38181,3.38181,0.0,55.7,37.6,runtime
577,13:22:53,0.27889,3.40184,3.40184,0.0,55.8,23.8,runtime
578,13:22:54,0.27431,3.38573,3.38573,0.0,55.8,32.7,runtime
579,13:22:55,0.2675,3.36257,3.36257,0.0,55.9,38.1,runtime
580,13:22:56,0.27318,3.38181,3.38181,0.0,56.0,41.8,runtime
581,13:22:57,0.31078,3.52667,3.52667,0.0,56.0,29.7,runtime
582,13:22:58,0.26817,3.36481,3.36481,0.0,56.1,30.8,runtime
584,13:23:00,0.26316,3.34832,3.34832,0.0,56.2,31.9,runtime
585,13:23:01,0.25815,3.33236,3.33236,0.0,56.3,33.0,runtime
586,13:23:02,0.28,3.4058,3.4058,0.0,56.4,34.0,runtime
587,13:23:03,0.26817,3.36481,3.36481,0.0,56.5,35.1,runtime
588,13:23:04,0.26382,3.35047,3.35047,0.0,56.5,15.9,runtime
598,13:23:14,0.02256,3.20034,3.20034,0.0,55.6,26.3,runtime
600,13:23:16,0.26,3.33821,3.33821,0.0,55.7,35.5,runtime
601,13:23:17,0.27068,3.37325,3.37325,0.0,55.8,28.5,runtime
602,13:23:18,0.26884,3.36706,3.36706,0.0,55.9,34.4,runtime
603,13:23:19,0.26566,3.3565,3.3565,0.0,56.0,39.9,runtime
604,13:23:20,0.27638,3.39295,3.39295,0.0,56.1,41.4,runtime
605,13:23:21,0.2725,3.37947,3.37947,0.0,56.1,30.0,runtime
606,13:23:22,0.2675,3.36257,3.36257,0.0,56.2,31.1,runtime
607,13:23:23,0.27431,3.38573,3.38573,0.0,56.3,32.2,runtime
608,13:23:24,0.26566,3.3565,3.3565,0.0,56.4,33.2,runtime
609,13:23:25,0.2675,3.36257,3.36257,0.0,56.5,34.3,runtime
610,13:23:26,0.27318,3.38181,3.38181,0.0,56.5,35.4,runtime
611,13:23:27,0.26566,3.3565,3.3565,0.0,56.5,15.9,runtime
621,13:23:37,0.01746,3.23704,3.23704,0.0,55.7,16.2,runtime
622,13:23:38,0.19799,3.17621,3.17621,0.0,55.7,30.2,runtime
623,13:23:39,0.2725,3.37947,3.37947,0.0,55.8,16.4,runtime
624,13:23:40,0.26633,3.3587,3.3587,0.0,55.9,30.3,runtime
625,13:23:41,0.27318,3.38181,3.38181,0.0,56.0,36.3,runtime
626,13:23:42,0.26933,3.36868,3.36868,0.0,56.0,41.8,runtime
627,13:23:43,0.30653,3.50877,3.50877,0.0,56.1,29.6,runtime
629,13:23:45,0.2675,3.36257,3.36257,0.0,56.2,30.6,runtime
630,13:23:46,0.25879,3.3344,3.3344,0.0,56.2,31.7,runtime
631,13:23:47,0.26316,3.34832,3.34832,0.0,56.3,32.8,runtime
632,13:23:48,0.2675,3.36257,3.36257,0.0,56.4,33.9,runtime
633,13:23:49,0.26633,3.3587,3.3587,0.0,56.5,35.0,runtime
634,13:23:50,0.2725,3.37947,3.37947,0.0,56.5,22.3,runtime
645,13:24:01,0.17812,3.13641,3.13641,0.0,55.7,23.6,runtime
646,13:24:02,0.26582,3.35702,3.35702,0.0,55.8,38.4,runtime
647,13:24:03,0.27,3.37095,3.37095,0.0,55.8,24.9,runtime
648,13:24:04,0.26884,3.36706,3.36706,0.0,55.9,33.8,runtime
649,13:24:05,0.27318,3.38181,3.38181,0.0,56.0,40.0,runtime
650,13:24:06,0.26633,3.3587,3.3587,0.0,56.1,33.9,runtime
651,13:24:07,0.27,3.37095,3.37095,0.0,56.1,30.1,runtime
652,13:24:08,0.275,3.38811,3.38811,0.0,56.2,31.1,runtime
653,13:24:09,0.265,3.35432,3.35432,0.0,56.3,32.2,runtime
654,13:24:10,0.26566,3.3565,3.3565,0.0,56.4,33.3,runtime
655,13:24:11,0.275,3.38811,3.38811,0.0,56.4,34.4,runtime
656,13:24:12,0.2675,3.36257,3.36257,0.0,56.4,35.5,runtime
657,13:24:13,0.26566,3.3565,3.3565,0.0,56.4,15.9,runtime
667,13:24:23,0.0225,3.20072,3.20072,0.0,55.7,16.1,runtime
668,13:24:24,0.1995,3.17943,3.17943,0.0,55.8,30.5,runtime
669,13:24:25,0.27068,3.37325,3.37325,0.0,55.8,16.9,runtime
670,13:24:26,0.27569,3.39052,3.39052,0.0,55.9,30.6,runtime
671,13:24:27,0.26566,3.3565,3.3565,0.0,56.0,36.1,runtime
672,13:24:28,0.26566,3.3565,3.3565,0.0,56.0,41.5,runtime
673,13:24:29,0.2793,3.4033,3.4033,0.0,56.1,29.3,runtime
674,13:24:30,0.26566,3.3565,3.3565,0.0,56.1,30.3,runtime
675,13:24:31,0.26566,3.3565,3.3565,0.0,56.2,31.4,runtime
677,13:24:33,0.265,3.35432,3.35432,0.0,56.3,32.5,runtime
678,13:24:34,0.2675,3.36257,3.36257,0.0,56.4,33.6,runtime
679,13:24:35,0.26382,3.35047,3.35047,0.0,56.4,34.6,runtime
680,13:24:36,0.2575,3.33034,3.33034,0.0,56.5,35.3,runtime
690,13:24:46,0.01504,3.25626,3.25626,0.0,55.7,20.0,runtime
691,13:24:47,0.17,3.12152,3.12152,0.0,55.8,35.8,runtime
693,13:24:49,0.27068,3.37325,3.37325,0.0,55.9,22.3,runtime
694,13:24:50,0.26316,3.34832,3.34832,0.0,55.9,32.3,runtime
695,13:24:51,0.26185,3.34409,3.34409,0.0,56.0,37.9,runtime
696,13:24:52,0.2675,3.36257,3.36257,0.0,56.1,41.8,runtime
697,13:24:53,0.31407,3.54083,3.54083,0.0,56.2,29.7,runtime
698,13:24:54,0.2675,3.36257,3.36257,0.0,56.2,30.8,runtime
699,13:24:55,0.26633,3.3587,3.3587,0.0,56.3,31.9,runtime
700,13:24:56,0.2725,3.37947,3.37947,0.0,56.4,33.0,runtime
701,13:24:57,0.2675,3.36257,3.36257,0.0,56.4,34.1,runtime
702,13:24:58,0.26817,3.36481,3.36481,0.0,56.4,35.1,runtime
703,13:24:59,0.26448,3.35264,3.35264,0.0,56.5,15.9,runtime
