,time,CPU Utilization,Total Power,power_cpu,power_gpu,%CPU,%mem,startstop
394,12:07:20,0.22955,3.25054,3.25054,0.0,75.6,8.5,runtime
395,12:07:21,0.27456,3.38658,3.38658,0.0,78.0,9.2,runtime
397,12:07:23,0.10976,3.03906,3.03906,0.0,76.8,9.9,runtime
398,12:07:24,0.11765,3.04616,3.04616,0.0,73.4,11.2,runtime
399,12:07:25,0.08464,3.02978,3.02978,0.0,69.9,12.4,runtime
400,12:07:26,0.0875,3.02955,3.02955,0.0,66.8,13.7,runtime
401,12:07:27,0.09868,3.03208,3.03208,0.0,64.1,14.9,runtime
402,12:07:28,0.0875,3.02955,3.02955,0.0,61.5,16.1,runtime
403,12:07:29,0.12462,3.05364,3.05364,0.0,59.5,17.3,runtime
404,12:07:30,0.13939,3.07252,3.07252,0.0,57.9,18.6,runtime
405,12:07:31,0.08464,3.02978,3.02978,0.0,53.6,19.8,runtime
406,12:07:32,0.08254,3.03021,3.03021,0.0,52.0,21.1,runtime
407,12:07:33,0.09346,3.03026,3.03026,0.0,50.6,22.3,runtime
408,12:07:34,0.22997,3.25164,3.25164,0.0,52.2,24.7,runtime
410,12:07:36,0.31061,3.52594,3.52594,0.0,54.1,31.6,runtime
411,12:07:37,0.28463,3.42268,3.42268,0.0,56.0,42.2,runtime
412,12:07:38,0.42967,4.15965,4.15965,0.0,58.0,35.9,runtime
413,12:07:39,0.4898,4.52239,4.52239,0.0,61.8,36.0,runtime
414,12:07:40,0.48855,4.515,4.515,0.0,65.5,36.0,runtime
415,12:07:41,0.48462,4.49162,4.49162,0.0,69.0,36.0,runtime
416,12:07:42,0.47704,4.44632,4.44632,0.0,72.1,36.0,runtime
417,12:07:43,0.47315,4.42292,4.42292,0.0,75.0,36.0,runtime
418,12:07:44,0.47804,4.45229,4.45229,0.0,77.9,36.0,runtime
419,12:07:45,0.48338,4.48422,4.48422,0.0,78.4,36.0,runtime
420,12:07:46,0.45995,4.34316,4.34316,0.0,80.8,36.1,runtime
421,12:07:47,0.46193,4.35515,4.35515,0.0,83.2,36.1,runtime
423,12:07:49,0.48615,4.50072,4.50072,0.0,85.4,36.1,runtime
424,12:07:50,0.47959,4.46162,4.46162,0.0,87.6,36.1,runtime
425,12:07:51,0.47792,4.4516,4.4516,0.0,89.7,36.1,runtime
426,12:07:52,0.45932,4.33933,4.33933,0.0,91.6,36.1,runtime
427,12:07:53,0.47273,4.4204,4.4204,0.0,93.5,36.1,runtime
428,12:07:54,0.4899,4.52299,4.52299,0.0,95.4,36.1,runtime
429,12:07:55,0.46875,4.39641,4.39641,0.0,97.1,36.1,runtime
430,12:07:56,0.48101,4.47013,4.47013,0.0,98.7,36.1,runtime
431,12:07:57,0.38168,3.8792,3.8792,0.0,97.8,36.1,runtime
432,12:07:58,0.2725,3.37947,3.37947,0.0,98.0,36.1,runtime
433,12:07:59,0.27068,3.37325,3.37325,0.0,98.2,36.1,runtime
434,12:08:00,0.1461,3.08222,3.08222,0.0,97.5,36.4,runtime
444,12:08:10,0.1475,3.08433,3.08433,0.0,83.5,36.6,runtime
445,12:08:11,0.24806,3.30175,3.30175,0.0,83.7,36.9,runtime
446,12:08:12,0.09657,3.03122,3.03122,0.0,83.0,37.8,runtime
447,12:08:13,0.08464,3.02978,3.02978,0.0,80.7,39.0,runtime
448,12:08:14,0.20924,3.201,3.201,0.0,80.4,46.8,runtime
449,12:08:15,0.27068,3.37325,3.37325,0.0,80.8,38.1,runtime
451,12:08:17,0.2825,3.41485,3.41485,0.0,81.2,44.9,runtime
452,12:08:18,0.29974,3.48095,3.48095,0.0,81.6,54.5,runtime
453,12:08:19,0.4433,4.24211,4.24211,0.0,82.1,50.0,runtime
454,12:08:20,0.46787,4.39108,4.39108,0.0,83.4,50.1,runtime
455,12:08:21,0.48855,4.515,4.515,0.0,84.7,50.1,runtime
456,12:08:22,0.47826,4.45364,4.45364,0.0,85.9,50.1,runtime
457,12:08:23,0.48469,4.49208,4.49208,0.0,87.1,50.1,runtime
458,12:08:24,0.48718,4.50687,4.50687,0.0,88.3,50.1,runtime
459,12:08:25,0.48338,4.48422,4.48422,0.0,89.5,50.1,runtime
460,12:08:26,0.47475,4.43256,4.43256,0.0,89.4,50.1,runtime
461,12:08:27,0.48223,4.47742,4.47742,0.0,90.5,50.1,runtime
462,12:08:28,0.46939,4.40027,4.40027,0.0,91.6,50.2,runtime
464,12:08:30,0.49235,4.53747,4.53747,0.0,92.6,50.2,runtime
465,12:08:31,0.4768,4.44491,4.44491,0.0,93.6,50.2,runtime
466,12:08:32,0.48101,4.47013,4.47013,0.0,94.7,50.2,runtime
467,12:08:33,0.47792,4.4516,4.4516,0.0,95.6,50.2,runtime
468,12:08:34,0.4797,4.46223,4.46223,0.0,96.5,50.2,runtime
469,12:08:35,0.46597,4.3796,4.3796,0.0,97.4,50.2,runtime
470,12:08:36,0.49373,4.54566,4.54566,0.0,98.4,50.2,runtime
471,12:08:37,0.46997,4.40379,4.40379,0.0,99.2,50.2,runtime
472,12:08:38,0.35013,3.7107,3.7107,0.0,99.8,50.2,runtime
473,12:08:39,0.27569,3.39052,3.39052,0.0,98.8,37.2,runtime
474,12:08:40,0.27,3.37095,3.37095,0.0,98.9,37.2,runtime
475,12:08:41,0.04511,3.08978,3.08978,0.0,98.0,37.2,runtime
485,12:08:51,0.25879,3.3344,3.3344,0.0,90.0,37.2,runtime
486,12:08:52,0.22703,3.24403,3.24403,0.0,90.1,40.1,runtime
487,12:08:53,0.10248,3.03403,3.03403,0.0,89.4,41.4,runtime
488,12:08:55,0.2807,3.40832,3.40832,0.0,88.7,41.4,runtime
489,12:08:56,0.27431,3.38573,3.38573,0.0,88.8,48.5,runtime
490,12:08:57,0.27,3.37095,3.37095,0.0,89.0,62.0,runtime
492,12:08:59,0.39,3.92613,3.92613,0.0,89.6,50.4,runtime
493,12:09:00,0.47938,4.46036,4.46036,0.0,90.4,50.4,runtime
494,12:09:01,0.49123,4.53085,4.53085,0.0,91.1,50.4,runtime
495,12:09:02,0.47409,4.42861,4.42861,0.0,91.9,50.4,runtime
496,12:09:03,0.45692,4.32478,4.32478,0.0,92.6,50.4,runtime
497,12:09:04,0.48072,4.46838,4.46838,0.0,93.3,50.5,runtime
498,12:09:05,0.49497,4.55296,4.55296,0.0,94.0,50.5,runtime
499,12:09:06,0.46214,4.35646,4.35646,0.0,94.7,50.5,runtime
500,12:09:07,0.48469,4.49208,4.49208,0.0,94.6,50.5,runtime
501,12:09:08,0.48866,4.51567,4.51567,0.0,95.3,50.5,runtime
502,12:09:09,0.4715,4.41301,4.41301,0.0,96.0,50.5,runtime
504,12:09:11,0.45897,4.33726,4.33726,0.0,96.6,50.5,runtime
505,12:09:12,0.46547,4.37662,4.37662,0.0,97.2,50.5,runtime
506,12:09:13,0.48485,4.49301,4.49301,0.0,97.9,50.5,runtime
507,12:09:14,0.4797,4.46223,4.46223,0.0,98.5,50.5,runtime
508,12:09:15,0.47848,4.45497,4.45497,0.0,99.1,50.5,runtime
509,12:09:16,0.47028,4.40567,4.40567,0.0,99.7,50.5,runtime
510,12:09:17,0.48737,4.50804,4.50804,0.0,100.0,50.5,runtime
511,12:09:18,0.43478,4.19053,4.19053,0.0,100.0,50.5,runtime
512,12:09:19,0.2775,3.39689,3.39689,0.0,100.0,50.5,runtime
513,12:09:20,0.26633,3.3587,3.3587,0.0,99.3,50.5,runtime
542,12:09:49,0.25065,3.30943,3.30943,0.0,80.8,8.5,runtime
543,12:09:50,0.24,3.27869,3.27869,0.0,82.4,9.0,runtime
544,12:09:51,0.26884,3.36706,3.36706,0.0,83.7,13.8,runtime
545,12:09:52,0.2033,3.18768,3.18768,0.0,79.0,15.0,runtime
546,12:09:53,0.0875,3.02955,3.02955,0.0,70.6,16.3,runtime
547,12:09:54,0.09657,3.03122,3.03122,0.0,71.6,22.5,runtime
548,12:09:55,0.27569,3.39052,3.39052,0.0,73.5,28.0,runtime
549,12:09:56,0.27,3.37095,3.37095,0.0,75.2,35.1,runtime
551,12:09:58,0.27431,3.38573,3.38573,0.0,76.7,43.5,runtime
552,12:09:59,0.38442,3.89457,3.89457,0.0,80.1,35.9,runtime
553,12:10:00,0.47462,4.43177,4.43177,0.0,84.1,35.9,runtime
554,12:10:01,0.48092,4.46954,4.46954,0.0,88.0,35.9,runtime
555,12:10:02,0.47804,4.45229,4.45229,0.0,91.4,36.0,runtime
556,12:10:03,0.47044,4.40658,4.40658,0.0,94.7,36.0,runtime
557,12:10:04,0.47258,4.41953,4.41953,0.0,97.7,36.0,runtime
558,12:10:05,0.47315,4.42292,4.42292,0.0,100.0,36.0,runtime
559,12:10:06,0.47059,4.40751,4.40751,0.0,103.0,36.0,runtime
560,12:10:07,0.47532,4.43601,4.43601,0.0,102.0,36.0,runtime
561,12:10:08,0.48223,4.47742,4.47742,0.0,104.0,36.0,runtime
562,12:10:09,0.47179,4.41477,4.41477,0.0,106.0,36.0,runtime
564,12:10:11,0.46684,4.38485,4.38485,0.0,108.0,36.0,runtime
565,12:10:12,0.4677,4.39008,4.39008,0.0,110.0,36.0,runtime
566,12:10:13,0.48861,4.51535,4.51535,0.0,112.0,36.0,runtime
567,12:10:14,0.47287,4.42124,4.42124,0.0,114.0,36.0,runtime
568,12:10:15,0.46787,4.39108,4.39108,0.0,115.0,36.0,runtime
569,12:10:16,0.47409,4.42861,4.42861,0.0,117.0,36.0,runtime
570,12:10:17,0.48615,4.50072,4.50072,0.0,118.0,36.0,runtime
571,12:10:18,0.43333,4.18178,4.18178,0.0,118.0,36.1,runtime
572,12:10:19,0.27569,3.39052,3.39052,0.0,115.0,36.1,runtime
573,12:10:20,0.27,3.37095,3.37095,0.0,115.0,36.2,runtime
574,12:10:21,0.25628,3.32655,3.32655,0.0,113.0,36.4,runtime
575,12:10:22,0.025,3.18448,3.18448,0.0,110.0,36.4,runtime
576,12:10:23,0.01746,3.23704,3.23704,0.0,108.0,36.4,runtime
578,12:10:25,0.01504,3.25626,3.25626,0.0,106.0,36.4,runtime
579,12:10:26,0.03015,3.15443,3.15443,0.0,104.0,36.4,runtime
580,12:10:27,0.03258,3.14175,3.14175,0.0,101.0,36.4,runtime
581,12:10:28,0.02256,3.20034,3.20034,0.0,99.9,36.4,runtime
582,12:10:29,0.01746,3.23704,3.23704,0.0,98.0,36.4,runtime
583,12:10:30,0.01256,3.27721,3.27721,0.0,96.1,36.4,runtime
584,12:10:31,0.0225,3.20072,3.20072,0.0,94.3,36.4,runtime
585,12:10:32,0.03015,3.15443,3.15443,0.0,92.6,36.4,runtime
586,12:10:33,0.01504,3.25626,3.25626,0.0,91.0,36.4,runtime
587,12:10:34,0.02494,3.18487,3.18487,0.0,87.8,36.4,runtime
588,12:10:35,0.01504,3.25626,3.25626,0.0,86.3,36.4,runtime
589,12:10:36,0.01253,3.27748,3.27748,0.0,84.9,36.4,runtime
591,12:10:38,0.01504,3.25626,3.25626,0.0,83.5,36.4,runtime
592,12:10:39,0.00998,3.30055,3.30055,0.0,82.2,36.4,runtime
602,12:10:49,0.035,3.13003,3.13003,0.0,70.4,36.5,runtime
603,12:10:50,0.17839,3.13693,3.13693,0.0,70.9,39.8,runtime
605,12:10:52,0.27569,3.39052,3.39052,0.0,71.4,36.8,runtime
606,12:10:53,0.25313,3.31689,3.31689,0.0,71.9,41.5,runtime
607,12:10:54,0.27318,3.38181,3.38181,0.0,72.3,48.5,runtime
608,12:10:55,0.29323,3.45523,3.45523,0.0,72.8,62.5,runtime
609,12:10:56,0.36387,3.78206,3.78206,0.0,73.8,50.0,runtime
610,12:10:57,0.46907,4.39836,4.39836,0.0,75.1,50.1,runtime
611,12:10:58,0.48485,4.49301,4.49301,0.0,76.3,50.1,runtime
612,12:10:59,0.47558,4.43755,4.43755,0.0,77.6,50.1,runtime
613,12:11:00,0.47704,4.44632,4.44632,0.0,78.8,50.1,runtime
614,12:11:01,0.4937,4.54544,4.54544,0.0,79.0,50.1,runtime
615,12:11:02,0.48586,4.49902,4.49902,0.0,80.1,50.1,runtime
616,12:11:03,0.47342,4.42456,4.42456,0.0,81.2,50.1,runtime
618,12:11:05,0.47013,4.40474,4.40474,0.0,82.3,50.1,runtime
619,12:11:06,0.45939,4.33976,4.33976,0.0,83.3,50.1,runtime
620,12:11:07,0.48196,4.47578,4.47578,0.0,84.4,50.1,runtime
621,12:11:08,0.47815,4.45298,4.45298,0.0,85.4,50.1,runtime
622,12:11:09,0.48354,4.48522,4.48522,0.0,86.4,50.1,runtime
623,12:11:10,0.48593,4.49946,4.49946,0.0,87.4,50.1,runtime
624,12:11:11,0.46842,4.39443,4.39443,0.0,88.4,50.1,runtime
625,12:11:12,0.49114,4.53034,4.53034,0.0,89.3,50.1,runtime
626,12:11:13,0.49242,4.53792,4.53792,0.0,90.2,50.1,runtime
627,12:11:14,0.47423,4.42941,4.42941,0.0,90.2,50.1,runtime
628,12:11:15,0.44924,4.27816,4.27816,0.0,90.4,37.2,runtime
629,12:11:16,0.275,3.38811,3.38811,0.0,90.5,37.2,runtime
640,12:11:27,0.01504,3.25626,3.25626,0.0,83.0,37.2,runtime
641,12:11:28,0.115,3.0436,3.0436,0.0,83.1,37.2,runtime
642,12:11:29,0.2675,3.36257,3.36257,0.0,82.5,44.5,runtime
643,12:11:30,0.2,3.18051,3.18051,0.0,81.9,45.7,runtime
644,12:11:31,0.10769,3.03747,3.03747,0.0,81.3,46.9,runtime
645,12:11:32,0.09034,3.02969,3.02969,0.0,80.7,48.1,runtime
647,12:11:34,0.27569,3.39052,3.39052,0.0,80.9,38.8,runtime
648,12:11:35,0.2575,3.33034,3.33034,0.0,81.2,45.6,runtime
649,12:11:36,0.27136,3.37556,3.37556,0.0,81.4,55.6,runtime
650,12:11:37,0.3,3.48198,3.48198,0.0,81.7,50.3,runtime
651,12:11:38,0.47208,4.41652,4.41652,0.0,82.5,50.4,runtime
652,12:11:39,0.47449,4.43099,4.43099,0.0,83.2,50.4,runtime
653,12:11:40,0.47532,4.43601,4.43601,0.0,84.0,50.4,runtime
654,12:11:41,0.47727,4.44772,4.44772,0.0,84.7,50.4,runtime
655,12:11:42,0.47583,4.43904,4.43904,0.0,85.4,50.4,runtime
656,12:11:43,0.48214,4.47687,4.47687,0.0,85.5,50.4,runtime
657,12:11:44,0.48985,4.5227,4.5227,0.0,86.2,50.4,runtime
658,12:11:45,0.47013,4.40474,4.40474,0.0,86.9,50.4,runtime
659,12:11:46,0.48866,4.51567,4.51567,0.0,87.6,50.4,runtime
661,12:11:48,0.46154,4.35278,4.35278,0.0,88.2,50.4,runtime
662,12:11:49,0.46036,4.34563,4.34563,0.0,88.9,50.4,runtime
663,12:11:50,0.48371,4.4862,4.4862,0.0,89.5,50.4,runtime
664,12:11:51,0.47558,4.43755,4.43755,0.0,90.2,50.4,runtime
665,12:11:52,0.49373,4.54566,4.54566,0.0,90.8,50.4,runtime
666,12:11:53,0.48338,4.48422,4.48422,0.0,91.5,50.4,runtime
667,12:11:54,0.48354,4.48522,4.48522,0.0,92.1,50.4,runtime
668,12:11:55,0.48338,4.48422,4.48422,0.0,92.7,50.4,runtime
669,12:11:56,0.48608,4.50032,4.50032,0.0,92.5,50.4,runtime
670,12:11:57,0.34091,3.66478,3.66478,0.0,92.6,50.4,runtime
671,12:11:58,0.27182,3.37714,3.37714,0.0,92.7,50.4,runtime
758,12:13:25,0.29925,3.47898,3.47898,0.0,99.5,9.1,runtime
759,12:13:26,0.22133,3.22971,3.22971,0.0,98.0,9.7,runtime
760,12:13:27,0.08411,3.02987,3.02987,0.0,91.1,10.9,runtime
761,12:13:28,0.07187,3.03625,3.03625,0.0,85.3,12.2,runtime
762,12:13:29,0.09375,3.03033,3.03033,0.0,80.2,13.4,runtime
763,12:13:30,0.19722,3.17457,3.17457,0.0,79.0,21.1,runtime
764,12:13:31,0.12766,3.05721,3.05721,0.0,75.6,22.3,runtime
765,12:13:32,0.20879,3.19998,3.19998,0.0,76.6,24.6,runtime
766,12:13:33,0.26817,3.36481,3.36481,0.0,78.2,31.7,runtime
767,12:13:34,0.2818,3.41229,3.41229,0.0,79.9,42.6,runtime
768,12:13:35,0.301,3.48601,3.48601,0.0,77.9,35.9,runtime
769,12:13:36,0.37659,3.85096,3.85096,0.0,82.3,36.1,runtime
770,12:13:37,0.4937,4.54544,4.54544,0.0,86.4,36.1,runtime
771,12:13:38,0.49257,4.53881,4.53881,0.0,90.1,36.1,runtime
773,12:13:40,0.48731,4.50766,4.50766,0.0,93.6,36.1,runtime
774,12:13:41,0.45812,4.33204,4.33204,0.0,96.8,36.1,runtime
775,12:13:42,0.48866,4.51567,4.51567,0.0,99.9,36.1,runtime
776,12:13:43,0.47704,4.44632,4.44632,0.0,102.0,36.1,runtime
777,12:13:44,0.48756,4.50915,4.50915,0.0,105.0,36.1,runtime
778,12:13:45,0.4757,4.43829,4.43829,0.0,107.0,36.1,runtime
779,12:13:46,0.48329,4.48372,4.48372,0.0,109.0,36.1,runtime
780,12:13:47,0.48329,4.48372,4.48372,0.0,111.0,36.1,runtime
781,12:13:48,0.4715,4.41301,4.41301,0.0,110.0,36.1,runtime
782,12:13:49,0.47558,4.43755,4.43755,0.0,112.0,36.1,runtime
783,12:13:50,0.47583,4.43904,4.43904,0.0,114.0,36.1,runtime
785,12:13:52,0.47906,4.45842,4.45842,0.0,115.0,36.1,runtime
786,12:13:53,0.47704,4.44632,4.44632,0.0,117.0,36.1,runtime
787,12:13:54,0.45876,4.33597,4.33597,0.0,119.0,36.1,runtime
788,12:13:55,0.41294,4.05958,4.05958,0.0,119.0,36.2,runtime
789,12:13:56,0.27638,3.39295,3.39295,0.0,119.0,36.2,runtime
790,12:13:57,0.27068,3.37325,3.37325,0.0,119.0,36.2,runtime
800,12:14:07,0.035,3.13003,3.13003,0.0,97.0,36.5,runtime
801,12:14:08,0.095,3.03069,3.03069,0.0,95.7,36.7,runtime
802,12:14:09,0.26065,3.34028,3.34028,0.0,96.0,37.9,runtime
803,12:14:10,0.16522,3.11311,3.11311,0.0,95.0,42.5,runtime
804,12:14:11,0.25385,3.31906,3.31906,0.0,95.2,37.0,runtime
805,12:14:12,0.26817,3.36481,3.36481,0.0,95.4,42.7,runtime
806,12:14:13,0.27889,3.40184,3.40184,0.0,95.6,49.8,runtime
807,12:14:14,0.2782,3.39936,3.39936,0.0,95.8,50.0,runtime
808,12:14:15,0.3591,3.75694,3.75694,0.0,96.9,50.2,runtime
809,12:14:16,0.48974,4.52209,4.52209,0.0,96.6,50.2,runtime
810,12:14:17,0.47028,4.40567,4.40567,0.0,97.9,50.2,runtime
811,12:14:18,0.49495,4.5528,4.5528,0.0,99.2,50.2,runtime
813,12:14:20,0.47165,4.41391,4.41391,0.0,100.0,50.3,runtime
814,12:14:21,0.48995,4.5233,4.5233,0.0,101.0,50.3,runtime
815,12:14:22,0.46015,4.34441,4.34441,0.0,102.0,50.3,runtime
816,12:14:23,0.4937,4.54544,4.54544,0.0,103.0,50.3,runtime
817,12:14:24,0.49624,4.56039,4.56039,0.0,104.0,50.3,runtime
818,12:14:25,0.49492,4.55264,4.55264,0.0,106.0,50.3,runtime
819,12:14:26,0.49109,4.53008,4.53008,0.0,107.0,50.3,runtime
820,12:14:27,0.48232,4.47793,4.47793,0.0,108.0,50.3,runtime
821,12:14:28,0.48724,4.50725,4.50725,0.0,108.0,50.3,runtime
822,12:14:29,0.48737,4.50804,4.50804,0.0,108.0,50.3,runtime
823,12:14:30,0.47044,4.40658,4.40658,0.0,109.0,50.3,runtime
824,12:14:31,0.47792,4.4516,4.4516,0.0,110.0,50.3,runtime
826,12:14:33,0.47287,4.42124,4.42124,0.0,111.0,50.3,runtime
827,12:14:34,0.43734,4.20601,4.20601,0.0,111.0,50.3,runtime
828,12:14:35,0.26368,3.35002,3.35002,0.0,111.0,37.3,runtime
829,12:14:36,0.26633,3.3587,3.3587,0.0,111.0,37.3,runtime
839,12:14:46,0.0225,3.20072,3.20072,0.0,98.9,37.3,runtime
841,12:14:48,0.27,3.37095,3.37095,0.0,99.0,37.5,runtime
842,12:14:49,0.16524,3.11316,3.11316,0.0,98.6,42.8,runtime
843,12:14:50,0.09317,3.03019,3.03019,0.0,97.7,44.0,runtime
844,12:14:51,0.1312,3.06158,3.06158,0.0,97.2,50.0,runtime
845,12:14:52,0.28321,3.41744,3.41744,0.0,97.3,40.0,runtime
846,12:14:53,0.26817,3.36481,3.36481,0.0,97.4,47.1,runtime
847,12:14:54,0.2818,3.41229,3.41229,0.0,97.5,58.8,runtime
848,12:14:55,0.29397,3.45809,3.45809,0.0,97.8,50.5,runtime
849,12:14:56,0.4797,4.46223,4.46223,0.0,98.6,50.5,runtime
850,12:14:57,0.46907,4.39836,4.39836,0.0,98.4,50.5,runtime
851,12:14:58,0.47558,4.43755,4.43755,0.0,99.2,50.5,runtime
852,12:14:59,0.48082,4.46897,4.46897,0.0,99.9,50.5,runtime
853,12:15:00,0.48883,4.51669,4.51669,0.0,100.0,50.5,runtime
855,12:15:02,0.47558,4.43755,4.43755,0.0,101.0,50.5,runtime
856,12:15:03,0.48995,4.5233,4.5233,0.0,102.0,50.5,runtime
857,12:15:04,0.4788,4.45688,4.45688,0.0,102.0,50.5,runtime
858,12:15:05,0.46615,4.38069,4.38069,0.0,103.0,50.5,runtime
859,12:15:06,0.47949,4.46099,4.46099,0.0,104.0,50.5,runtime
860,12:15:07,0.49492,4.55264,4.55264,0.0,104.0,50.5,runtime
861,12:15:08,0.47804,4.45229,4.45229,0.0,105.0,50.5,runtime
862,12:15:09,0.46494,4.37335,4.37335,0.0,106.0,50.5,runtime
863,12:15:10,0.46939,4.40027,4.40027,0.0,105.0,50.5,runtime
864,12:15:11,0.48622,4.50112,4.50112,0.0,106.0,50.5,runtime
865,12:15:12,0.48214,4.47687,4.47687,0.0,106.0,50.5,runtime
867,12:15:14,0.4899,4.52299,4.52299,0.0,107.0,50.5,runtime
868,12:15:15,0.32071,3.57007,3.57007,0.0,107.0,50.5,runtime
869,12:15:16,0.27387,3.38419,3.38419,0.0,107.0,50.5,runtime
900,12:15:47,0.27296,3.38104,3.38104,0.0,79.2,9.2,runtime
901,12:15:48,0.275,3.38811,3.38811,0.0,81.2,10.4,runtime
902,12:15:49,0.17379,3.12838,3.12838,0.0,79.8,17.7,runtime
903,12:15:50,0.08385,3.02992,3.02992,0.0,75.7,18.9,runtime
904,12:15:51,0.11078,3.03988,3.03988,0.0,73.4,22.7,runtime
905,12:15:52,0.275,3.38811,3.38811,0.0,75.3,26.2,runtime
906,12:15:53,0.27318,3.38181,3.38181,0.0,77.0,33.3,runtime
907,12:15:54,0.2825,3.41485,3.41485,0.0,78.6,45.6,runtime
908,12:15:55,0.27318,3.38181,3.38181,0.0,81.0,36.2,runtime
909,12:15:56,0.48223,4.47742,4.47742,0.0,85.4,36.2,runtime
910,12:15:57,0.48601,4.49991,4.49991,0.0,85.7,36.2,runtime
911,12:15:58,0.48737,4.50804,4.50804,0.0,89.2,36.2,runtime
912,12:15:59,0.48608,4.50032,4.50032,0.0,92.7,36.3,runtime
914,12:16:01,0.48214,4.47687,4.47687,0.0,95.7,36.3,runtime
915,12:16:02,0.48718,4.50687,4.50687,0.0,98.6,36.3,runtime
916,12:16:03,0.47704,4.44632,4.44632,0.0,101.0,36.3,runtime
917,12:16:04,0.45714,4.32613,4.32613,0.0,103.0,36.3,runtime
918,12:16:05,0.4875,4.50878,4.50878,0.0,106.0,36.3,runtime
919,12:16:06,0.48601,4.49991,4.49991,0.0,108.0,36.3,runtime
920,12:16:07,0.47949,4.46099,4.46099,0.0,110.0,36.3,runtime
921,12:16:08,0.49749,4.56771,4.56771,0.0,112.0,36.3,runtime
922,12:16:09,0.47837,4.45432,4.45432,0.0,114.0,36.3,runtime
923,12:16:10,0.48843,4.51432,4.51432,0.0,113.0,36.3,runtime
924,12:16:11,0.48866,4.51567,4.51567,0.0,114.0,36.3,runtime
925,12:16:12,0.48615,4.50072,4.50072,0.0,116.0,36.3,runtime
927,12:16:14,0.46373,4.36606,4.36606,0.0,117.0,36.3,runtime
928,12:16:15,0.30151,3.48808,3.48808,0.0,118.0,36.3,runtime
929,12:16:16,0.2793,3.4033,3.4033,0.0,117.0,36.3,runtime
930,12:16:17,0.25879,3.3344,3.3344,0.0,117.0,36.6,runtime
940,12:16:27,0.0175,3.23671,3.23671,0.0,94.9,36.8,runtime
942,12:16:29,0.27889,3.40184,3.40184,0.0,95.2,42.1,runtime
943,12:16:30,0.26933,3.36868,3.36868,0.0,95.4,37.2,runtime
944,12:16:31,0.2807,3.40832,3.40832,0.0,95.6,42.7,runtime
945,12:16:32,0.26633,3.3587,3.3587,0.0,95.8,49.9,runtime
946,12:16:33,0.29323,3.45523,3.45523,0.0,96.0,50.1,runtime
947,12:16:34,0.41162,4.05177,4.05177,0.0,97.1,50.3,runtime
948,12:16:35,0.4899,4.52299,4.52299,0.0,98.4,50.3,runtime
949,12:16:36,0.46373,4.36606,4.36606,0.0,99.5,50.3,runtime
950,12:16:37,0.4937,4.54544,4.54544,0.0,100.0,50.4,runtime
951,12:16:38,0.48985,4.5227,4.5227,0.0,100.0,50.4,runtime
952,12:16:39,0.47804,4.45229,4.45229,0.0,101.0,50.4,runtime
953,12:16:40,0.48072,4.46838,4.46838,0.0,102.0,50.4,runtime
955,12:16:42,0.48092,4.46954,4.46954,0.0,103.0,50.4,runtime
956,12:16:43,0.48062,4.46778,4.46778,0.0,104.0,50.4,runtime
957,12:16:44,0.48485,4.49301,4.49301,0.0,106.0,50.4,runtime
958,12:16:45,0.48872,4.51603,4.51603,0.0,107.0,50.4,runtime
959,12:16:46,0.46939,4.40027,4.40027,0.0,108.0,50.4,runtime
960,12:16:47,0.47545,4.43678,4.43678,0.0,108.0,50.4,runtime
961,12:16:48,0.46753,4.38905,4.38905,0.0,109.0,50.4,runtime
962,12:16:49,0.4898,4.52239,4.52239,0.0,110.0,50.4,runtime
963,12:16:50,0.47013,4.40474,4.40474,0.0,111.0,50.4,runtime
964,12:16:51,0.47423,4.42941,4.42941,0.0,110.0,50.4,runtime
965,12:16:52,0.4768,4.44491,4.44491,0.0,111.0,50.4,runtime
966,12:16:53,0.375,3.84221,3.84221,0.0,111.0,37.5,runtime
967,12:16:54,0.27,3.37095,3.37095,0.0,111.0,37.5,runtime
969,12:16:56,0.0825,3.03023,3.03023,0.0,110.0,37.5,runtime
970,12:16:57,0.01504,3.25626,3.25626,0.0,109.0,37.5,runtime
971,12:16:58,0.02494,3.18487,3.18487,0.0,108.0,37.5,runtime
972,12:16:59,0.01759,3.23603,3.23603,0.0,106.0,37.5,runtime
973,12:17:00,0.0075,3.32433,3.32433,0.0,105.0,37.5,runtime
974,12:17:01,0.03483,3.13084,3.13084,0.0,104.0,37.5,runtime
975,12:17:02,0.04071,3.10564,3.10564,0.0,103.0,37.5,runtime
976,12:17:03,0.01746,3.23704,3.23704,0.0,102.0,37.5,runtime
977,12:17:04,0.0201,3.21739,3.21739,0.0,101.0,37.5,runtime
978,12:17:05,0.01504,3.25626,3.25626,0.0,99.8,37.5,runtime
979,12:17:06,0.0325,3.14216,3.14216,0.0,97.7,37.5,runtime
980,12:17:07,0.03518,3.12921,3.12921,0.0,96.7,37.5,runtime
981,12:17:08,0.01504,3.25626,3.25626,0.0,95.6,37.5,runtime
983,12:17:10,0.0225,3.20072,3.20072,0.0,94.6,37.5,runtime
984,12:17:11,0.0175,3.23671,3.23671,0.0,93.7,37.5,runtime
985,12:17:12,0.03,3.15525,3.15525,0.0,92.7,37.5,runtime
986,12:17:13,0.01504,3.25626,3.25626,0.0,91.8,37.5,runtime
987,12:17:14,0.01,3.30032,3.30032,0.0,90.9,37.5,runtime
998,12:17:25,0.21805,3.22169,3.22169,0.0,82.3,37.5,runtime
999,12:17:26,0.20166,3.1841,3.1841,0.0,82.3,37.8,runtime
1000,12:17:27,0.09034,3.02969,3.02969,0.0,81.7,39.0,runtime
1001,12:17:28,0.12346,3.05232,3.05232,0.0,81.1,40.3,runtime
1002,12:17:29,0.17631,3.13303,3.13303,0.0,81.0,48.2,runtime
1003,12:17:30,0.20924,3.201,3.201,0.0,81.0,37.6,runtime
1004,12:17:31,0.27569,3.39052,3.39052,0.0,81.2,44.2,runtime
1005,12:17:32,0.27,3.37095,3.37095,0.0,81.4,52.3,runtime
1006,12:17:33,0.30576,3.50557,3.50557,0.0,81.6,50.6,runtime
1007,12:17:34,0.40051,3.98662,3.98662,0.0,82.4,50.6,runtime
1008,12:17:35,0.48338,4.48422,4.48422,0.0,82.5,50.6,runtime
1009,12:17:36,0.48985,4.5227,4.5227,0.0,83.3,50.6,runtime
1010,12:17:37,0.47449,4.43099,4.43099,0.0,84.0,50.6,runtime
1012,12:17:39,0.47619,4.44122,4.44122,0.0,84.7,50.6,runtime
1013,12:17:40,0.47301,4.42207,4.42207,0.0,85.5,50.6,runtime
1014,12:17:41,0.4937,4.54544,4.54544,0.0,86.2,50.6,runtime
1015,12:17:42,0.47236,4.41819,4.41819,0.0,86.9,50.6,runtime
1016,12:17:43,0.47135,4.41211,4.41211,0.0,87.6,50.6,runtime
1017,12:17:44,0.4677,4.39008,4.39008,0.0,88.2,50.6,runtime
1018,12:17:45,0.46753,4.38905,4.38905,0.0,88.9,50.6,runtime
1019,12:17:46,0.49746,4.56753,4.56753,0.0,89.6,50.6,runtime
1020,12:17:47,0.47607,4.4405,4.4405,0.0,89.5,50.6,runtime
1021,12:17:48,0.47848,4.45497,4.45497,0.0,90.2,50.6,runtime
1022,12:17:49,0.47059,4.40751,4.40751,0.0,90.8,50.6,runtime
1023,12:17:50,0.47315,4.42292,4.42292,0.0,91.4,50.6,runtime
1025,12:17:52,0.46875,4.39641,4.39641,0.0,92.0,50.6,runtime
1026,12:17:53,0.4131,4.06054,4.06054,0.0,92.5,50.6,runtime
1027,12:17:54,0.27,3.37095,3.37095,0.0,92.6,50.6,runtime
1028,12:17:55,0.27318,3.38181,3.38181,0.0,92.7,50.6,runtime
1056,12:18:23,0.28463,3.42268,3.42268,0.0,106.0,9.1,runtime
1057,12:18:24,0.27792,3.39836,3.39836,0.0,106.0,9.6,runtime
1058,12:18:25,0.11315,3.04192,3.04192,0.0,100.0,13.4,runtime
1059,12:18:26,0.09034,3.02969,3.02969,0.0,93.7,14.6,runtime
1060,12:18:27,0.17514,3.13086,3.13086,0.0,90.6,21.2,runtime
1061,12:18:28,0.08723,3.02955,3.02955,0.0,85.2,22.4,runtime
1062,12:18:29,0.22427,3.23704,3.23704,0.0,85.4,24.5,runtime
1063,12:18:30,0.27182,3.37714,3.37714,0.0,86.8,31.6,runtime
1064,12:18:31,0.27889,3.40184,3.40184,0.0,88.0,42.3,runtime
1065,12:18:32,0.28141,3.41088,3.41088,0.0,89.5,36.0,runtime
1066,12:18:33,0.43401,4.18586,4.18586,0.0,89.3,36.1,runtime
1067,12:18:34,0.47949,4.46099,4.46099,0.0,93.3,36.2,runtime
1068,12:18:35,0.48232,4.47793,4.47793,0.0,97.2,36.2,runtime
1069,12:18:36,0.46753,4.38905,4.38905,0.0,100.0,36.2,runtime
1071,12:18:38,0.47462,4.43177,4.43177,0.0,103.0,36.2,runtime
1072,12:18:39,0.46494,4.37335,4.37335,0.0,106.0,36.2,runtime
1073,12:18:40,0.48062,4.46778,4.46778,0.0,109.0,36.2,runtime
1074,12:18:41,0.4677,4.39008,4.39008,0.0,111.0,36.2,runtime
1075,12:18:42,0.46154,4.35278,4.35278,0.0,114.0,36.2,runtime
1076,12:18:43,0.49497,4.55296,4.55296,0.0,116.0,36.2,runtime
1077,12:18:44,0.47558,4.43755,4.43755,0.0,118.0,36.2,runtime
1078,12:18:45,0.47449,4.43099,4.43099,0.0,120.0,36.2,runtime
1079,12:18:46,0.47704,4.44632,4.44632,0.0,118.0,36.2,runtime
1080,12:18:47,0.48462,4.49162,4.49162,0.0,120.0,36.2,runtime
1081,12:18:48,0.48092,4.46954,4.46954,0.0,121.0,36.2,runtime
1082,12:18:49,0.49624,4.56039,4.56039,0.0,123.0,36.2,runtime
1084,12:18:51,0.48354,4.48522,4.48522,0.0,124.0,36.2,runtime
1085,12:18:52,0.34761,3.69799,3.69799,0.0,125.0,36.2,runtime
1086,12:18:53,0.2675,3.36257,3.36257,0.0,124.0,36.3,runtime
1087,12:18:54,0.26884,3.36706,3.36706,0.0,124.0,36.3,runtime
1097,12:19:04,0.02005,3.21775,3.21775,0.0,98.8,36.7,runtime
1099,12:19:06,0.27363,3.38336,3.38336,0.0,99.0,37.0,runtime
1100,12:19:07,0.2796,3.40435,3.40435,0.0,99.1,46.0,runtime
1101,12:19:08,0.27,3.37095,3.37095,0.0,99.3,40.0,runtime
1102,12:19:09,0.26817,3.36481,3.36481,0.0,99.4,47.1,runtime
1103,12:19:10,0.28571,3.42668,3.42668,0.0,99.6,59.3,runtime
1104,12:19:11,0.38071,3.8738,3.8738,0.0,100.0,50.2,runtime
1105,12:19:12,0.47692,4.44561,4.44561,0.0,101.0,50.2,runtime
1106,12:19:13,0.48223,4.47742,4.47742,0.0,102.0,50.2,runtime
1107,12:19:14,0.48214,4.47687,4.47687,0.0,104.0,50.2,runtime
1108,12:19:15,0.47487,4.43333,4.43333,0.0,103.0,50.2,runtime
1109,12:19:16,0.47644,4.44271,4.44271,0.0,104.0,50.2,runtime
1110,12:19:17,0.47028,4.40567,4.40567,0.0,105.0,50.3,runtime
1112,12:19:19,0.4898,4.52239,4.52239,0.0,106.0,50.3,runtime
1113,12:19:20,0.47815,4.45298,4.45298,0.0,107.0,50.3,runtime
1114,12:19:21,0.48196,4.47578,4.47578,0.0,109.0,50.3,runtime
1115,12:19:22,0.48586,4.49902,4.49902,0.0,110.0,50.3,runtime
1116,12:19:23,0.47792,4.4516,4.4516,0.0,111.0,50.3,runtime
1117,12:19:24,0.47118,4.41105,4.41105,0.0,111.0,50.3,runtime
1118,12:19:25,0.48092,4.46954,4.46954,0.0,112.0,50.3,runtime
1119,12:19:26,0.48338,4.48422,4.48422,0.0,113.0,50.3,runtime
1120,12:19:27,0.495,4.55309,4.55309,0.0,114.0,50.3,runtime
1121,12:19:28,0.49747,4.56763,4.56763,0.0,114.0,50.3,runtime
1122,12:19:29,0.47815,4.45298,4.45298,0.0,114.0,50.3,runtime
1123,12:19:30,0.43216,4.17471,4.17471,0.0,114.0,37.3,runtime
1124,12:19:31,0.2782,3.39936,3.39936,0.0,114.0,37.3,runtime
1135,12:19:42,0.01504,3.25626,3.25626,0.0,102.0,37.3,runtime
1136,12:19:43,0.16332,3.10984,3.10984,0.0,101.0,37.3,runtime
1137,12:19:44,0.26817,3.36481,3.36481,0.0,101.0,42.8,runtime
1138,12:19:45,0.12575,3.05494,3.05494,0.0,100.0,44.0,runtime
1139,12:19:46,0.09657,3.03122,3.03122,0.0,99.4,45.2,runtime
1141,12:19:48,0.27068,3.37325,3.37325,0.0,99.4,37.3,runtime
1142,12:19:49,0.27431,3.38573,3.38573,0.0,99.5,43.9,runtime
1143,12:19:50,0.28571,3.42668,3.42668,0.0,99.6,51.8,runtime
1144,12:19:51,0.28392,3.42004,3.42004,0.0,99.6,50.3,runtime
1145,12:19:52,0.47704,4.44632,4.44632,0.0,100.0,50.4,runtime
1146,12:19:53,0.48872,4.51603,4.51603,0.0,101.0,50.4,runtime
1147,12:19:54,0.47449,4.43099,4.43099,0.0,101.0,50.4,runtime
1148,12:19:55,0.48338,4.48422,4.48422,0.0,102.0,50.4,runtime
1149,12:19:56,0.48092,4.46954,4.46954,0.0,103.0,50.4,runtime
1150,12:19:57,0.48205,4.47633,4.47633,0.0,103.0,50.4,runtime
1151,12:19:58,0.49123,4.53085,4.53085,0.0,103.0,50.4,runtime
1152,12:19:59,0.48866,4.51567,4.51567,0.0,104.0,50.4,runtime
1154,12:20:01,0.48571,4.49817,4.49817,0.0,105.0,50.4,runtime
1155,12:20:02,0.4797,4.46223,4.46223,0.0,105.0,50.4,runtime
1156,12:20:03,0.47815,4.45298,4.45298,0.0,106.0,50.4,runtime
1157,12:20:04,0.47692,4.44561,4.44561,0.0,107.0,50.4,runtime
1158,12:20:05,0.48985,4.5227,4.5227,0.0,107.0,50.4,runtime
1159,12:20:06,0.47059,4.40751,4.40751,0.0,108.0,50.4,runtime
1160,12:20:07,0.4757,4.43829,4.43829,0.0,109.0,50.4,runtime
1161,12:20:08,0.49242,4.53792,4.53792,0.0,109.0,50.4,runtime
1162,12:20:09,0.46649,4.38279,4.38279,0.0,110.0,50.4,runtime
1163,12:20:10,0.49123,4.53085,4.53085,0.0,109.0,50.4,runtime
1164,12:20:11,0.29648,3.46795,3.46795,0.0,109.0,50.4,runtime
1165,12:20:12,0.27,3.37095,3.37095,0.0,109.0,50.4,runtime
1166,12:20:13,0.1604,3.10491,3.10491,0.0,108.0,50.4,runtime
1168,12:20:15,0.01256,3.27721,3.27721,0.0,107.0,50.4,runtime
1169,12:20:16,0.0175,3.23671,3.23671,0.0,106.0,50.4,runtime
1170,12:20:17,0.02256,3.20034,3.20034,0.0,106.0,50.4,runtime
1171,12:20:18,0.02757,3.16894,3.16894,0.0,105.0,50.4,runtime
1172,12:20:19,0.02,3.21811,3.21811,0.0,104.0,50.4,runtime
1173,12:20:20,0.0201,3.21739,3.21739,0.0,103.0,50.4,runtime
1174,12:20:21,0.00499,3.34998,3.34998,0.0,102.0,50.4,runtime
1175,12:20:22,0.02005,3.21775,3.21775,0.0,101.0,50.4,runtime
1176,12:20:23,0.01504,3.25626,3.25626,0.0,101.0,50.4,runtime
1177,12:20:24,0.03258,3.14175,3.14175,0.0,100.0,50.4,runtime
1178,12:20:25,0.02256,3.20034,3.20034,0.0,98.8,50.4,runtime
1179,12:20:26,0.01746,3.23704,3.23704,0.0,98.0,50.4,runtime
1180,12:20:27,0.01504,3.25626,3.25626,0.0,97.3,50.4,runtime
1181,12:20:28,0.02256,3.20034,3.20034,0.0,96.6,50.4,runtime
1183,12:20:30,0.01504,3.25626,3.25626,0.0,95.9,50.4,runtime
1184,12:20:31,0.015,3.25657,3.25657,0.0,95.2,50.4,runtime
1185,12:20:32,0.02743,3.16974,3.16974,0.0,94.5,50.4,runtime
1259,12:21:46,0.28321,3.41744,3.41744,0.0,80.6,9.1,runtime
1260,12:21:47,0.2,3.18051,3.18051,0.0,81.2,9.6,runtime
1261,12:21:48,0.18234,3.14445,3.14445,0.0,80.0,17.8,runtime
1262,12:21:49,0.08464,3.02978,3.02978,0.0,76.0,19.0,runtime
1263,12:21:50,0.21253,3.20861,3.20861,0.0,74.5,22.6,runtime
1264,12:21:51,0.275,3.38811,3.38811,0.0,76.5,27.2,runtime
1265,12:21:52,0.26185,3.34409,3.34409,0.0,78.1,34.3,runtime
1266,12:21:53,0.27638,3.39295,3.39295,0.0,79.6,48.2,runtime
1267,12:21:54,0.34761,3.69799,3.69799,0.0,82.5,36.0,runtime
1268,12:21:55,0.4899,4.52299,4.52299,0.0,86.6,36.1,runtime
1269,12:21:56,0.48371,4.4862,4.4862,0.0,86.7,36.1,runtime
1270,12:21:57,0.4798,4.46286,4.46286,0.0,90.3,36.1,runtime
1271,12:21:58,0.48062,4.46778,4.46778,0.0,93.6,36.1,runtime
1273,12:22:00,0.47558,4.43755,4.43755,0.0,96.7,36.1,runtime
1274,12:22:01,0.48072,4.46838,4.46838,0.0,99.5,36.1,runtime
1275,12:22:02,0.47848,4.45497,4.45497,0.0,101.0,36.1,runtime
1276,12:22:03,0.46615,4.38069,4.38069,0.0,104.0,36.1,runtime
1277,12:22:04,0.48861,4.51535,4.51535,0.0,106.0,36.1,runtime
1278,12:22:05,0.47938,4.46036,4.46036,0.0,108.0,36.1,runtime
1279,12:22:06,0.47859,4.45561,4.45561,0.0,111.0,36.1,runtime
1280,12:22:07,0.48969,4.52175,4.52175,0.0,113.0,36.1,runtime
1281,12:22:08,0.47692,4.44561,4.44561,0.0,115.0,36.1,runtime
1282,12:22:09,0.48205,4.47633,4.47633,0.0,113.0,36.1,runtime
1283,12:22:10,0.48586,4.49902,4.49902,0.0,115.0,36.1,runtime
1284,12:22:11,0.48593,4.49946,4.49946,0.0,117.0,36.1,runtime
1286,12:22:13,0.42494,4.13119,4.13119,0.0,118.0,36.1,runtime
1287,12:22:14,0.267,3.36092,3.36092,0.0,118.0,36.2,runtime
1288,12:22:15,0.27,3.37095,3.37095,0.0,118.0,36.2,runtime
1289,12:22:16,0.20352,3.18817,3.18817,0.0,117.0,36.5,runtime
1299,12:22:26,0.10224,3.0339,3.0339,0.0,95.1,36.6,runtime
1301,12:22:28,0.2725,3.37947,3.37947,0.0,95.3,43.4,runtime
1302,12:22:29,0.27889,3.40184,3.40184,0.0,95.5,37.0,runtime
1303,12:22:30,0.27,3.37095,3.37095,0.0,95.7,43.4,runtime
1304,12:22:31,0.2825,3.41485,3.41485,0.0,96.0,51.1,runtime
1305,12:22:32,0.31328,3.53742,3.53742,0.0,96.2,50.0,runtime
1306,12:22:33,0.47532,4.43601,4.43601,0.0,97.4,50.1,runtime
1307,12:22:34,0.47436,4.43022,4.43022,0.0,98.7,50.1,runtime
1308,12:22:35,0.46512,4.37445,4.37445,0.0,100.0,50.1,runtime
1309,12:22:36,0.46615,4.38069,4.38069,0.0,101.0,50.1,runtime
1310,12:22:37,0.48593,4.49946,4.49946,0.0,100.0,50.1,runtime
1311,12:22:38,0.48214,4.47687,4.47687,0.0,101.0,50.1,runtime
1312,12:22:39,0.4712,4.41123,4.41123,0.0,103.0,50.1,runtime
1314,12:22:41,0.47949,4.46099,4.46099,0.0,104.0,50.1,runtime
1315,12:22:42,0.48477,4.49256,4.49256,0.0,105.0,50.1,runtime
1316,12:22:43,0.47959,4.46162,4.46162,0.0,106.0,50.2,runtime
1317,12:22:44,0.48985,4.5227,4.5227,0.0,107.0,50.2,runtime
1318,12:22:45,0.48346,4.48475,4.48475,0.0,108.0,50.2,runtime
1319,12:22:46,0.4898,4.52239,4.52239,0.0,109.0,50.2,runtime
1320,12:22:47,0.45288,4.30027,4.30027,0.0,110.0,50.2,runtime
1321,12:22:48,0.4825,4.47899,4.47899,0.0,111.0,50.2,runtime
1322,12:22:49,0.48837,4.51398,4.51398,0.0,111.0,50.2,runtime
1323,12:22:50,0.47315,4.42292,4.42292,0.0,111.0,50.2,runtime
1324,12:22:51,0.4757,4.43829,4.43829,0.0,111.0,50.2,runtime
1325,12:22:52,0.2925,3.45239,3.45239,0.0,111.0,37.2,runtime
1327,12:22:54,0.2406,3.28036,3.28036,0.0,111.0,37.2,runtime
1328,12:22:55,0.01746,3.23704,3.23704,0.0,110.0,37.2,runtime
1329,12:22:56,0.025,3.18448,3.18448,0.0,109.0,37.2,runtime
1330,12:22:57,0.0175,3.23671,3.23671,0.0,108.0,37.2,runtime
1331,12:22:58,0.01508,3.25595,3.25595,0.0,106.0,37.2,runtime
1332,12:22:59,0.01256,3.27721,3.27721,0.0,105.0,37.2,runtime
1333,12:23:00,0.0175,3.23671,3.23671,0.0,104.0,37.2,runtime
1334,12:23:01,0.03258,3.14175,3.14175,0.0,103.0,37.2,runtime
1335,12:23:02,0.01253,3.27748,3.27748,0.0,102.0,37.2,runtime
1336,12:23:03,0.02,3.21811,3.21811,0.0,101.0,37.2,runtime
1337,12:23:04,0.02005,3.21775,3.21775,0.0,99.9,37.2,runtime
1338,12:23:05,0.0175,3.23671,3.23671,0.0,97.7,37.2,runtime
1339,12:23:06,0.01256,3.27721,3.27721,0.0,96.7,37.2,runtime
1340,12:23:07,0.0175,3.23671,3.23671,0.0,95.7,37.2,runtime
1341,12:23:08,0.03518,3.12921,3.12921,0.0,94.7,37.2,runtime
1343,12:23:10,0.0175,3.23671,3.23671,0.0,93.7,37.2,runtime
1344,12:23:11,0.02256,3.20034,3.20034,0.0,92.7,37.2,runtime
1345,12:23:12,0.01995,3.21847,3.21847,0.0,91.8,37.2,runtime
1346,12:23:13,0.03266,3.14134,3.14134,0.0,90.9,37.2,runtime
1356,12:23:23,0.05528,3.06163,3.06163,0.0,82.3,37.2,runtime
1358,12:23:25,0.1462,3.08238,3.08238,0.0,82.4,38.0,runtime
1359,12:23:26,0.10802,3.03772,3.03772,0.0,81.8,39.2,runtime
1360,12:23:27,0.09288,3.03012,3.03012,0.0,81.2,40.4,runtime
1361,12:23:28,0.19444,3.16874,3.16874,0.0,81.0,47.8,runtime
1362,12:23:29,0.24936,3.30557,3.30557,0.0,80.9,37.3,runtime
1363,12:23:30,0.27068,3.37325,3.37325,0.0,81.1,43.0,runtime
1364,12:23:31,0.28822,3.43606,3.43606,0.0,81.3,50.1,runtime
1365,12:23:32,0.3073,3.512,3.512,0.0,81.6,50.3,runtime
1366,12:23:33,0.42025,4.10314,4.10314,0.0,82.2,50.3,runtime
1367,12:23:34,0.50498,4.61135,4.61135,0.0,83.0,50.3,runtime
1368,12:23:35,0.49361,4.54489,4.54489,0.0,83.1,50.3,runtime
1369,12:23:36,0.4677,4.39008,4.39008,0.0,83.9,50.3,runtime
1370,12:23:37,0.46907,4.39836,4.39836,0.0,84.6,50.3,runtime
1371,12:23:38,0.48579,4.49861,4.49861,0.0,85.4,50.4,runtime
1373,12:23:40,0.48346,4.48475,4.48475,0.0,86.1,50.4,runtime
1374,12:23:41,0.48346,4.48475,4.48475,0.0,86.8,50.4,runtime
1375,12:23:42,0.49497,4.55296,4.55296,0.0,87.6,50.4,runtime
1376,12:23:43,0.48718,4.50687,4.50687,0.0,88.2,50.4,runtime
1377,12:23:44,0.48223,4.47742,4.47742,0.0,88.9,50.4,runtime
1378,12:23:45,0.48724,4.50725,4.50725,0.0,89.6,50.4,runtime
1379,12:23:46,0.46803,4.39207,4.39207,0.0,90.3,50.4,runtime
1380,12:23:47,0.49624,4.56039,4.56039,0.0,90.9,50.4,runtime
1381,12:23:48,0.47959,4.46162,4.46162,0.0,90.9,50.4,runtime
1382,12:23:49,0.48866,4.51567,4.51567,0.0,91.5,50.4,runtime
1383,12:23:50,0.48737,4.50804,4.50804,0.0,92.1,50.4,runtime
1384,12:23:51,0.48855,4.515,4.515,0.0,92.6,50.4,runtime
1386,12:23:53,0.26817,3.36481,3.36481,0.0,92.8,50.4,runtime
1387,12:23:54,0.17337,3.12761,3.12761,0.0,92.9,50.4,runtime
1423,12:24:30,0.27569,3.39052,3.39052,0.0,110.0,8.5,runtime
1424,12:24:31,0.2825,3.41485,3.41485,0.0,110.0,9.1,runtime
1425,12:24:32,0.24672,3.29783,3.29783,0.0,109.0,12.8,runtime
1426,12:24:33,0.09006,3.02966,3.02966,0.0,101.0,14.3,runtime
1427,12:24:34,0.17291,3.12677,3.12677,0.0,96.0,18.3,runtime
1428,12:24:35,0.1128,3.04161,3.04161,0.0,90.9,21.6,runtime
1429,12:24:36,0.10574,3.03608,3.03608,0.0,86.5,23.5,runtime
1430,12:24:37,0.27318,3.38181,3.38181,0.0,87.9,26.6,runtime
1431,12:24:38,0.27,3.37095,3.37095,0.0,83.8,33.7,runtime
1432,12:24:39,0.28321,3.41744,3.41744,0.0,85.2,47.0,runtime
1433,12:24:40,0.2975,3.47199,3.47199,0.0,88.0,36.1,runtime
1434,12:24:41,0.49616,4.55994,4.55994,0.0,92.5,36.2,runtime
1436,12:24:43,0.47583,4.43904,4.43904,0.0,96.4,36.2,runtime
1437,12:24:44,0.49361,4.54489,4.54489,0.0,100.0,36.2,runtime
1438,12:24:45,0.48872,4.51603,4.51603,0.0,103.0,36.2,runtime
1439,12:24:46,0.49235,4.53747,4.53747,0.0,106.0,36.2,runtime
1440,12:24:47,0.47716,4.44702,4.44702,0.0,109.0,36.2,runtime
1441,12:24:48,0.46667,4.38381,4.38381,0.0,111.0,36.2,runtime
1442,12:24:49,0.48346,4.48475,4.48475,0.0,114.0,36.2,runtime
1443,12:24:50,0.46429,4.36942,4.36942,0.0,116.0,36.2,runtime
1444,12:24:51,0.46736,4.38805,4.38805,0.0,114.0,36.2,runtime
1445,12:24:52,0.47409,4.42861,4.42861,0.0,116.0,36.2,runtime
1446,12:24:53,0.48969,4.52175,4.52175,0.0,118.0,36.2,runtime
1447,12:24:54,0.48492,4.49346,4.49346,0.0,120.0,36.2,runtime
1449,12:24:56,0.49114,4.53034,4.53034,0.0,122.0,36.2,runtime
1450,12:24:57,0.4757,4.43829,4.43829,0.0,123.0,36.2,runtime
1451,12:24:58,0.47273,4.4204,4.4204,0.0,125.0,36.2,runtime
1452,12:24:59,0.4812,4.47126,4.47126,0.0,126.0,36.2,runtime
1453,12:25:00,0.29177,3.44958,3.44958,0.0,126.0,36.3,runtime
1454,12:25:01,0.28643,3.42935,3.42935,0.0,125.0,36.3,runtime
1455,12:25:02,0.27068,3.37325,3.37325,0.0,125.0,36.5,runtime
1456,12:25:03,0.04261,3.09852,3.09852,0.0,122.0,36.6,runtime
1457,12:25:04,0.01504,3.25626,3.25626,0.0,119.0,36.6,runtime
1458,12:25:05,0.02,3.21811,3.21811,0.0,114.0,36.6,runtime
1459,12:25:06,0.0175,3.23671,3.23671,0.0,111.0,36.6,runtime
1460,12:25:07,0.02757,3.16894,3.16894,0.0,109.0,36.6,runtime
1461,12:25:08,0.02256,3.20034,3.20034,0.0,107.0,36.6,runtime
1463,12:25:10,0.015,3.25657,3.25657,0.0,104.0,36.6,runtime
1464,12:25:11,0.02005,3.21775,3.21775,0.0,102.0,36.6,runtime
1465,12:25:12,0.03015,3.15443,3.15443,0.0,100.0,36.6,runtime
1466,12:25:13,0.03759,3.1184,3.1184,0.0,98.7,36.6,runtime
1467,12:25:14,0.01995,3.21847,3.21847,0.0,96.8,36.6,runtime
1468,12:25:15,0.0175,3.23671,3.23671,0.0,95.0,36.6,runtime
1469,12:25:16,0.02005,3.21775,3.21775,0.0,93.2,36.6,runtime
1470,12:25:17,0.0175,3.23671,3.23671,0.0,91.5,36.6,runtime
1471,12:25:18,0.0025,3.37695,3.37695,0.0,89.9,36.6,runtime
1472,12:25:19,0.02757,3.16894,3.16894,0.0,86.8,36.6,runtime
1473,12:25:20,0.0425,3.09891,3.09891,0.0,85.3,36.6,runtime
1474,12:25:21,0.01754,3.23637,3.23637,0.0,83.9,36.6,runtime
1484,12:25:31,0.08521,3.0297,3.0297,0.0,73.2,36.8,runtime
1485,12:25:32,0.26065,3.34028,3.34028,0.0,73.7,37.1,runtime
1486,12:25:33,0.21294,3.20955,3.20955,0.0,72.5,43.3,runtime
1487,12:25:34,0.23499,3.26494,3.26494,0.0,72.9,37.1,runtime
1488,12:25:35,0.275,3.38811,3.38811,0.0,73.4,43.0,runtime
1489,12:25:36,0.26884,3.36706,3.36706,0.0,73.8,50.1,runtime
1491,12:25:38,0.3801,3.87041,3.87041,0.0,74.2,50.1,runtime
1492,12:25:39,0.48593,4.49946,4.49946,0.0,75.4,50.2,runtime
1493,12:25:40,0.48338,4.48422,4.48422,0.0,76.7,50.2,runtime
1494,12:25:41,0.48196,4.47578,4.47578,0.0,78.0,50.2,runtime
1495,12:25:42,0.48608,4.50032,4.50032,0.0,79.2,50.2,runtime
1496,12:25:43,0.5,4.58239,4.58239,0.0,80.5,50.2,runtime
1497,12:25:44,0.48872,4.51603,4.51603,0.0,81.6,50.2,runtime
1498,12:25:45,0.47423,4.42941,4.42941,0.0,82.8,50.2,runtime
1499,12:25:46,0.45195,4.29462,4.29462,0.0,83.9,50.3,runtime
1500,12:25:47,0.49114,4.53034,4.53034,0.0,84.0,50.3,runtime
1501,12:25:48,0.47558,4.43755,4.43755,0.0,85.1,50.3,runtime
1502,12:25:49,0.48072,4.46838,4.46838,0.0,86.1,50.3,runtime
1504,12:25:51,0.47315,4.42292,4.42292,0.0,87.2,50.3,runtime
1505,12:25:52,0.47927,4.45971,4.45971,0.0,88.2,50.3,runtime
1506,12:25:53,0.48232,4.47793,4.47793,0.0,89.1,50.3,runtime
1507,12:25:54,0.48485,4.49301,4.49301,0.0,90.1,50.3,runtime
1508,12:25:55,0.49235,4.53747,4.53747,0.0,91.0,50.3,runtime
1509,12:25:56,0.48485,4.49301,4.49301,0.0,91.9,50.3,runtime
1510,12:25:57,0.43147,4.17053,4.17053,0.0,92.7,50.3,runtime
1511,12:25:58,0.267,3.36092,3.36092,0.0,92.9,37.3,runtime
1512,12:25:59,0.255,3.32259,3.32259,0.0,93.0,37.3,runtime
1513,12:26:00,0.15539,3.09667,3.09667,0.0,92.6,37.3,runtime
1523,12:26:10,0.14106,3.07487,3.07487,0.0,84.2,37.3,runtime
1524,12:26:11,0.24742,3.29988,3.29988,0.0,84.3,37.5,runtime
1525,12:26:12,0.18436,3.14838,3.14838,0.0,84.1,43.9,runtime
1526,12:26:13,0.11927,3.0478,3.0478,0.0,83.5,45.2,runtime
1527,12:26:14,0.23636,3.26867,3.26867,0.0,83.6,37.4,runtime
1528,12:26:15,0.26566,3.3565,3.3565,0.0,83.1,43.1,runtime
1529,12:26:16,0.26884,3.36706,3.36706,0.0,83.3,50.1,runtime
1530,12:26:17,0.28571,3.42668,3.42668,0.0,83.5,51.4,runtime
1531,12:26:18,0.3794,3.86648,3.86648,0.0,84.1,50.5,runtime
1533,12:26:20,0.4899,4.52299,4.52299,0.0,84.9,50.5,runtime
1534,12:26:21,0.46354,4.36492,4.36492,0.0,85.7,50.5,runtime
1535,12:26:22,0.49254,4.5386,4.5386,0.0,86.5,50.5,runtime
1536,12:26:23,0.46753,4.38905,4.38905,0.0,87.2,50.5,runtime
1537,12:26:24,0.48477,4.49256,4.49256,0.0,87.9,50.5,runtime
1538,12:26:25,0.47716,4.44702,4.44702,0.0,88.7,50.5,runtime
1539,12:26:26,0.48849,4.51465,4.51465,0.0,89.4,50.5,runtime
1540,12:26:27,0.48872,4.51603,4.51603,0.0,90.1,50.5,runtime
1541,12:26:28,0.47716,4.44702,4.44702,0.0,90.1,50.5,runtime
1542,12:26:29,0.48724,4.50725,4.50725,0.0,90.8,50.5,runtime
1543,12:26:30,0.47815,4.45298,4.45298,0.0,91.5,50.5,runtime
1545,12:26:32,0.48338,4.48422,4.48422,0.0,92.1,50.5,runtime
1546,12:26:33,0.48731,4.50766,4.50766,0.0,92.8,50.5,runtime
1547,12:26:34,0.5,4.58239,4.58239,0.0,93.5,50.5,runtime
1548,12:26:35,0.4715,4.41301,4.41301,0.0,94.1,50.5,runtime
1549,12:26:36,0.4875,4.50878,4.50878,0.0,94.7,50.5,runtime
1550,12:26:37,0.40355,4.00436,4.00436,0.0,95.2,50.6,runtime
1551,12:26:38,0.275,3.38811,3.38811,0.0,95.3,50.6,runtime
1552,12:26:39,0.26817,3.36481,3.36481,0.0,95.4,50.6,runtime
1669,12:28:36,0.23404,3.2624,3.2624,0.0,76.3,8.5,runtime
1670,12:28:37,0.27848,3.40037,3.40037,0.0,77.1,9.2,runtime
1671,12:28:38,0.26835,3.36542,3.36542,0.0,79.2,9.7,runtime
1672,12:28:39,0.17045,3.12234,3.12234,0.0,79.4,17.9,runtime
1673,12:28:40,0.13374,3.06486,3.06486,0.0,76.1,19.2,runtime
1674,12:28:41,0.23947,3.27722,3.27722,0.0,75.1,22.7,runtime
1675,12:28:42,0.26884,3.36706,3.36706,0.0,76.8,27.3,runtime
1676,12:28:43,0.27,3.37095,3.37095,0.0,78.5,34.3,runtime
1677,12:28:44,0.29073,3.44557,3.44557,0.0,80.0,48.2,runtime
1678,12:28:45,0.35088,3.71452,3.71452,0.0,79.1,36.2,runtime
1679,12:28:46,0.48601,4.49991,4.49991,0.0,83.3,36.2,runtime
1680,12:28:47,0.46316,4.36259,4.36259,0.0,87.1,36.2,runtime
1682,12:28:49,0.46891,4.39739,4.39739,0.0,90.6,36.2,runtime
1683,12:28:50,0.47301,4.42207,4.42207,0.0,93.8,36.2,runtime
1684,12:28:51,0.50123,4.5896,4.5896,0.0,97.0,36.2,runtime
1685,12:28:52,0.4677,4.39008,4.39008,0.0,99.7,36.2,runtime
1686,12:28:53,0.46174,4.35403,4.35403,0.0,102.0,36.2,runtime
1687,12:28:54,0.47301,4.42207,4.42207,0.0,104.0,36.2,runtime
1688,12:28:55,0.47423,4.42941,4.42941,0.0,107.0,36.2,runtime
1689,12:28:56,0.48861,4.51535,4.51535,0.0,109.0,36.2,runtime
1690,12:28:57,0.48737,4.50804,4.50804,0.0,111.0,36.2,runtime
1691,12:28:58,0.47287,4.42124,4.42124,0.0,110.0,36.2,runtime
1692,12:28:59,0.47837,4.45432,4.45432,0.0,111.0,36.2,runtime
1693,12:29:00,0.50245,4.59668,4.59668,0.0,113.0,36.3,runtime
1695,12:29:02,0.48866,4.51567,4.51567,0.0,115.0,36.3,runtime
1696,12:29:03,0.48205,4.47633,4.47633,0.0,116.0,36.3,runtime
1697,12:29:04,0.44103,4.22833,4.22833,0.0,118.0,36.3,runtime
1698,12:29:05,0.2782,3.39936,3.39936,0.0,118.0,36.3,runtime
1699,12:29:06,0.26817,3.36481,3.36481,0.0,118.0,36.3,runtime
1700,12:29:07,0.25313,3.31689,3.31689,0.0,118.0,36.5,runtime
1710,12:29:17,0.06266,3.04758,3.04758,0.0,96.2,36.6,runtime
1711,12:29:18,0.26884,3.36706,3.36706,0.0,95.4,36.8,runtime
1712,12:29:19,0.27068,3.37325,3.37325,0.0,95.7,40.5,runtime
1713,12:29:20,0.28,3.4058,3.4058,0.0,95.9,37.1,runtime
1714,12:29:21,0.26817,3.36481,3.36481,0.0,96.1,41.9,runtime
1715,12:29:22,0.2796,3.40435,3.40435,0.0,96.2,49.0,runtime
1716,12:29:23,0.29648,3.46795,3.46795,0.0,96.5,63.0,runtime
1717,12:29:24,0.45153,4.29208,4.29208,0.0,97.5,50.2,runtime
1718,12:29:25,0.47826,4.45364,4.45364,0.0,98.8,50.2,runtime
1719,12:29:26,0.48092,4.46954,4.46954,0.0,98.5,50.2,runtime
1720,12:29:27,0.48593,4.49946,4.49946,0.0,99.8,50.3,runtime
1721,12:29:28,0.48379,4.48671,4.48671,0.0,101.0,50.3,runtime
1723,12:29:30,0.47949,4.46099,4.46099,0.0,102.0,50.3,runtime
1724,12:29:31,0.4937,4.54544,4.54544,0.0,103.0,50.3,runtime
1725,12:29:32,0.49495,4.5528,4.5528,0.0,104.0,50.3,runtime
1726,12:29:33,0.47848,4.45497,4.45497,0.0,105.0,50.3,runtime
1727,12:29:34,0.47409,4.42861,4.42861,0.0,106.0,50.3,runtime
1728,12:29:35,0.48608,4.50032,4.50032,0.0,107.0,50.3,runtime
1729,12:29:36,0.47436,4.43022,4.43022,0.0,108.0,50.3,runtime
1730,12:29:37,0.49373,4.54566,4.54566,0.0,109.0,50.3,runtime
1731,12:29:38,0.4797,4.46223,4.46223,0.0,108.0,50.3,runtime
1732,12:29:39,0.45524,4.31462,4.31462,0.0,109.0,50.3,runtime
1733,12:29:40,0.47179,4.41477,4.41477,0.0,110.0,50.3,runtime
1734,12:29:41,0.48214,4.47687,4.47687,0.0,111.0,50.3,runtime
1736,12:29:43,0.36181,3.77117,3.77117,0.0,112.0,50.3,runtime
1737,12:29:44,0.27638,3.39295,3.39295,0.0,112.0,37.3,runtime
1738,12:29:45,0.26817,3.36481,3.36481,0.0,112.0,37.3,runtime
1739,12:29:46,0.07,3.03805,3.03805,0.0,111.0,37.4,runtime
1740,12:29:47,0.0201,3.21739,3.21739,0.0,110.0,37.4,runtime
1741,12:29:48,0.01995,3.21847,3.21847,0.0,108.0,37.4,runtime
1742,12:29:49,0.01504,3.25626,3.25626,0.0,107.0,37.4,runtime
1743,12:29:50,0.02494,3.18487,3.18487,0.0,106.0,37.4,runtime
1744,12:29:51,0.0175,3.23671,3.23671,0.0,105.0,37.4,runtime
1745,12:29:52,0.02256,3.20034,3.20034,0.0,104.0,37.4,runtime
1746,12:29:53,0.035,3.13003,3.13003,0.0,101.0,37.4,runtime
1747,12:29:54,0.00249,3.37701,3.37701,0.0,100.0,37.4,runtime
1748,12:29:55,0.01504,3.25626,3.25626,0.0,99.5,37.4,runtime
1749,12:29:56,0.02494,3.18487,3.18487,0.0,98.4,37.4,runtime
1751,12:29:58,0.0175,3.23671,3.23671,0.0,97.3,37.4,runtime
1752,12:29:59,0.03,3.15525,3.15525,0.0,96.3,37.4,runtime
1753,12:30:00,0.01746,3.23704,3.23704,0.0,95.3,37.4,runtime
1754,12:30:01,0.02267,3.19958,3.19958,0.0,94.3,37.4,runtime
1755,12:30:02,0.0225,3.20072,3.20072,0.0,93.4,37.4,runtime
1756,12:30:03,0.01504,3.25626,3.25626,0.0,92.4,37.4,runtime
1757,12:30:04,0.03759,3.1184,3.1184,0.0,91.5,37.4,runtime
1767,12:30:14,0.0201,3.21739,3.21739,0.0,83.2,37.4,runtime
1768,12:30:15,0.26065,3.34028,3.34028,0.0,82.8,37.4,runtime
1769,12:30:16,0.17045,3.12234,3.12234,0.0,82.9,38.1,runtime
1770,12:30:17,0.09938,3.0324,3.0324,0.0,82.3,39.3,runtime
1771,12:30:18,0.12615,3.05542,3.05542,0.0,81.7,40.6,runtime
1772,12:30:19,0.2782,3.39936,3.39936,0.0,81.8,41.5,runtime
1773,12:30:20,0.26884,3.36706,3.36706,0.0,82.0,40.6,runtime
1774,12:30:21,0.27,3.37095,3.37095,0.0,81.5,47.7,runtime
1775,12:30:22,0.26065,3.34028,3.34028,0.0,81.7,60.0,runtime
1776,12:30:23,0.38228,3.88255,3.88255,0.0,82.2,50.5,runtime
1778,12:30:25,0.48214,4.47687,4.47687,0.0,83.0,50.5,runtime
1779,12:30:26,0.49239,4.5377,4.5377,0.0,83.8,50.5,runtime
1780,12:30:27,0.47949,4.46099,4.46099,0.0,84.5,50.5,runtime
1781,12:30:28,0.47848,4.45497,4.45497,0.0,85.3,50.5,runtime
1782,12:30:29,0.49367,4.54527,4.54527,0.0,86.0,50.5,runtime
1783,12:30:30,0.48082,4.46897,4.46897,0.0,86.7,50.5,runtime
1784,12:30:31,0.48477,4.49256,4.49256,0.0,87.5,50.6,runtime
1785,12:30:32,0.46787,4.39108,4.39108,0.0,88.1,50.6,runtime
1786,12:30:33,0.48082,4.46897,4.46897,0.0,88.8,50.6,runtime
1787,12:30:34,0.47716,4.44702,4.44702,0.0,88.8,50.6,runtime
1788,12:30:35,0.4813,4.4718,4.4718,0.0,89.5,50.6,runtime
1789,12:30:36,0.49873,4.57498,4.57498,0.0,90.2,50.6,runtime
1791,12:30:38,0.48469,4.49208,4.49208,0.0,90.8,50.6,runtime
1792,12:30:39,0.48232,4.47793,4.47793,0.0,91.4,50.6,runtime
1793,12:30:40,0.48477,4.49256,4.49256,0.0,92.1,50.6,runtime
1794,12:30:41,0.48586,4.49902,4.49902,0.0,92.7,50.6,runtime
1795,12:30:42,0.4467,4.26275,4.26275,0.0,93.3,50.6,runtime
1796,12:30:43,0.27569,3.39052,3.39052,0.0,93.5,50.6,runtime
1797,12:30:44,0.2675,3.36257,3.36257,0.0,93.6,50.6,runtime
1798,12:30:45,0.08291,3.03012,3.03012,0.0,93.4,50.6,runtime
1799,12:30:46,0.0225,3.20072,3.20072,0.0,92.7,50.6,runtime
1800,12:30:47,0.0175,3.23671,3.23671,0.0,92.1,50.6,runtime
1801,12:30:48,0.01746,3.23704,3.23704,0.0,90.8,50.6,runtime
1802,12:30:49,0.01504,3.25626,3.25626,0.0,90.2,50.6,runtime
1803,12:30:50,0.0225,3.20072,3.20072,0.0,89.6,50.6,runtime
1804,12:30:51,0.01508,3.25595,3.25595,0.0,89.0,50.6,runtime
1806,12:30:53,0.02005,3.21775,3.21775,0.0,88.4,50.6,runtime
1807,12:30:54,0.0175,3.23671,3.23671,0.0,87.8,50.6,runtime
1808,12:30:55,0.03,3.15525,3.15525,0.0,87.2,50.6,runtime
1809,12:30:56,0.04282,3.09774,3.09774,0.0,86.6,50.6,runtime
1810,12:30:57,0.01746,3.23704,3.23704,0.0,86.0,50.6,runtime
1811,12:30:58,0.01754,3.23637,3.23637,0.0,85.5,50.6,runtime
1812,12:30:59,0.015,3.25657,3.25657,0.0,84.9,50.6,runtime
1813,12:31:00,0.0175,3.23671,3.23671,0.0,84.4,50.6,runtime
1814,12:31:01,0.04282,3.09774,3.09774,0.0,83.8,50.6,runtime
1815,12:31:02,0.025,3.18448,3.18448,0.0,82.8,50.6,runtime
1816,12:31:03,0.01504,3.25626,3.25626,0.0,82.3,50.6,runtime
1817,12:31:04,0.0,3.40568,3.40568,0.0,81.8,50.6,runtime
1845,12:31:32,0.28967,3.44156,3.44156,0.0,106.0,9.0,runtime
1846,12:31:33,0.26817,3.36481,3.36481,0.0,106.0,9.5,runtime
1847,12:31:34,0.11782,3.04633,3.04633,0.0,101.0,13.8,runtime
1848,12:31:35,0.09969,3.03255,3.03255,0.0,86.6,15.1,runtime
1849,12:31:36,0.1523,3.09174,3.09174,0.0,83.5,20.4,runtime
1850,12:31:37,0.20325,3.18758,3.18758,0.0,82.9,22.6,runtime
1851,12:31:38,0.26817,3.36481,3.36481,0.0,84.4,29.3,runtime
1853,12:31:40,0.28928,3.44005,3.44005,0.0,85.8,37.2,runtime
1854,12:31:41,0.3648,3.787,3.787,0.0,87.0,35.7,runtime
1855,12:31:42,0.47692,4.44561,4.44561,0.0,91.0,36.0,runtime
1856,12:31:43,0.48469,4.49208,4.49208,0.0,95.4,36.1,runtime
1857,12:31:44,0.48843,4.51432,4.51432,0.0,99.3,36.1,runtime
1858,12:31:45,0.48062,4.46778,4.46778,0.0,103.0,36.1,runtime
1859,12:31:46,0.48601,4.49991,4.49991,0.0,106.0,36.1,runtime
1860,12:31:47,0.48608,4.50032,4.50032,0.0,109.0,36.1,runtime
1861,12:31:48,0.48477,4.49256,4.49256,0.0,107.0,36.1,runtime
1862,12:31:49,0.47692,4.44561,4.44561,0.0,110.0,36.1,runtime
1863,12:31:50,0.48492,4.49346,4.49346,0.0,112.0,36.1,runtime
1864,12:31:51,0.4797,4.46223,4.46223,0.0,114.0,36.1,runtime
1866,12:31:53,0.49875,4.57506,4.57506,0.0,117.0,36.1,runtime
1867,12:31:54,0.4937,4.54544,4.54544,0.0,119.0,36.1,runtime
1868,12:31:55,0.48214,4.47687,4.47687,0.0,121.0,36.1,runtime
1869,12:31:56,0.47423,4.42941,4.42941,0.0,122.0,36.1,runtime
1870,12:31:57,0.47815,4.45298,4.45298,0.0,124.0,36.1,runtime
1871,12:31:58,0.47692,4.44561,4.44561,0.0,125.0,36.1,runtime
1872,12:31:59,0.5,4.58239,4.58239,0.0,127.0,36.1,runtime
1873,12:32:00,0.38734,3.91104,3.91104,0.0,128.0,36.2,runtime
1874,12:32:01,0.2775,3.39689,3.39689,0.0,127.0,36.2,runtime
1875,12:32:02,0.27456,3.38658,3.38658,0.0,123.0,36.2,runtime
1876,12:32:03,0.1925,3.16472,3.16472,0.0,122.0,36.5,runtime
1886,12:32:13,0.10804,3.03773,3.03773,0.0,100.0,36.5,runtime
1887,12:32:14,0.2775,3.39689,3.39689,0.0,100.0,36.9,runtime
1888,12:32:15,0.25641,3.32695,3.32695,0.0,100.0,46.7,runtime
1889,12:32:16,0.25707,3.329,3.329,0.0,100.0,37.0,runtime
1890,12:32:17,0.27068,3.37325,3.37325,0.0,98.7,43.6,runtime
1891,12:32:18,0.28571,3.42668,3.42668,0.0,98.9,51.7,runtime
1892,12:32:19,0.27068,3.37325,3.37325,0.0,99.0,50.0,runtime
1893,12:32:20,0.45244,4.29761,4.29761,0.0,100.0,50.2,runtime
1895,12:32:22,0.46194,4.35525,4.35525,0.0,101.0,50.2,runtime
1896,12:32:23,0.48571,4.49817,4.49817,0.0,102.0,50.2,runtime
1897,12:32:24,0.4937,4.54544,4.54544,0.0,104.0,50.2,runtime
1898,12:32:25,0.48363,4.48574,4.48574,0.0,105.0,50.2,runtime
1899,12:32:26,0.48062,4.46778,4.46778,0.0,106.0,50.2,runtime
1900,12:32:27,0.47959,4.46162,4.46162,0.0,107.0,50.2,runtime
1901,12:32:28,0.49502,4.55323,4.55323,0.0,108.0,50.2,runtime
1902,12:32:29,0.50127,4.58981,4.58981,0.0,109.0,50.2,runtime
1903,12:32:30,0.48477,4.49256,4.49256,0.0,109.0,50.2,runtime
1904,12:32:31,0.49745,4.56748,4.56748,0.0,110.0,50.2,runtime
1905,12:32:32,0.48762,4.50951,4.50951,0.0,111.0,50.2,runtime
1907,12:32:34,0.47583,4.43904,4.43904,0.0,112.0,50.2,runtime
1908,12:32:35,0.4768,4.44491,4.44491,0.0,113.0,50.2,runtime
1909,12:32:36,0.47837,4.45432,4.45432,0.0,113.0,50.2,runtime
1910,12:32:37,0.46667,4.38381,4.38381,0.0,114.0,50.2,runtime
1911,12:32:38,0.48223,4.47742,4.47742,0.0,115.0,50.2,runtime
1912,12:32:39,0.32997,3.61248,3.61248,0.0,116.0,50.2,runtime
1913,12:32:40,0.27,3.37095,3.37095,0.0,115.0,37.3,runtime
1914,12:32:41,0.2782,3.39936,3.39936,0.0,115.0,37.3,runtime
1915,12:32:42,0.04511,3.08978,3.08978,0.0,114.0,37.3,runtime
1925,12:32:52,0.24685,3.29821,3.29821,0.0,102.0,37.3,runtime
1926,12:32:53,0.20604,3.19378,3.19378,0.0,102.0,37.4,runtime
1927,12:32:54,0.13824,3.07091,3.07091,0.0,101.0,43.4,runtime
1928,12:32:55,0.16571,3.11397,3.11397,0.0,101.0,49.1,runtime
1929,12:32:56,0.17867,3.13746,3.13746,0.0,100.0,50.4,runtime
1930,12:32:57,0.27068,3.37325,3.37325,0.0,100.0,39.9,runtime
1931,12:32:58,0.2725,3.37947,3.37947,0.0,99.2,47.0,runtime
1932,12:32:59,0.285,3.42403,3.42403,0.0,99.3,58.4,runtime
1933,12:33:00,0.35101,3.71518,3.71518,0.0,99.7,50.5,runtime
1935,12:33:02,0.49618,4.56005,4.56005,0.0,100.0,50.5,runtime
1936,12:33:03,0.48866,4.51567,4.51567,0.0,101.0,50.5,runtime
1937,12:33:04,0.48101,4.47013,4.47013,0.0,102.0,50.5,runtime
1938,12:33:05,0.48469,4.49208,4.49208,0.0,102.0,50.5,runtime
1939,12:33:06,0.4768,4.44491,4.44491,0.0,103.0,50.5,runtime
1940,12:33:07,0.47301,4.42207,4.42207,0.0,104.0,50.5,runtime
1941,12:33:08,0.48586,4.49902,4.49902,0.0,104.0,50.5,runtime
1942,12:33:09,0.47804,4.45229,4.45229,0.0,105.0,50.5,runtime
1943,12:33:10,0.49622,4.56028,4.56028,0.0,106.0,50.5,runtime
1944,12:33:11,0.4798,4.46286,4.46286,0.0,105.0,50.5,runtime
1945,12:33:12,0.49622,4.56028,4.56028,0.0,106.0,50.6,runtime
1946,12:33:13,0.46447,4.37052,4.37052,0.0,107.0,50.6,runtime
1948,12:33:15,0.47959,4.46162,4.46162,0.0,107.0,50.6,runtime
1949,12:33:16,0.47028,4.40567,4.40567,0.0,108.0,50.6,runtime
1950,12:33:17,0.4898,4.52239,4.52239,0.0,109.0,50.6,runtime
1951,12:33:18,0.49109,4.53008,4.53008,0.0,109.0,50.6,runtime
1952,12:33:19,0.42784,4.14862,4.14862,0.0,110.0,50.6,runtime
1953,12:33:20,0.27638,3.39295,3.39295,0.0,110.0,50.6,runtime
1954,12:33:21,0.26933,3.36868,3.36868,0.0,110.0,50.6,runtime
1955,12:33:22,0.0802,3.03097,3.03097,0.0,109.0,50.6,runtime
2059,12:35:07,0.22872,3.24839,3.24839,0.0,76.1,9.0,runtime
2060,12:35:08,0.25,3.30748,3.30748,0.0,78.6,9.4,runtime
2061,12:35:09,0.27638,3.39295,3.39295,0.0,79.3,16.5,runtime
2063,12:35:11,0.075,3.03377,3.03377,0.0,75.3,17.8,runtime
2064,12:35:12,0.18362,3.14694,3.14694,0.0,74.7,22.7,runtime
2065,12:35:13,0.26884,3.36706,3.36706,0.0,76.6,27.4,runtime
2066,12:35:14,0.27,3.37095,3.37095,0.0,78.2,34.6,runtime
2067,12:35:15,0.28894,3.4388,3.4388,0.0,79.7,48.7,runtime
2068,12:35:16,0.28894,3.4388,3.4388,0.0,82.7,36.2,runtime
2069,12:35:17,0.47545,4.43678,4.43678,0.0,87.1,36.2,runtime
2070,12:35:18,0.50251,4.59704,4.59704,0.0,91.0,36.2,runtime
2071,12:35:19,0.4797,4.46223,4.46223,0.0,94.6,36.3,runtime
2072,12:35:20,0.49,4.52359,4.52359,0.0,94.0,36.3,runtime
2073,12:35:21,0.48615,4.50072,4.50072,0.0,97.0,36.3,runtime
2074,12:35:22,0.47583,4.43904,4.43904,0.0,99.7,36.3,runtime
2076,12:35:24,0.4798,4.46286,4.46286,0.0,102.0,36.3,runtime
2077,12:35:25,0.47315,4.42292,4.42292,0.0,105.0,36.3,runtime
2078,12:35:26,0.4875,4.50878,4.50878,0.0,107.0,36.3,runtime
2079,12:35:27,0.50251,4.59704,4.59704,0.0,109.0,36.3,runtime
2080,12:35:28,0.47301,4.42207,4.42207,0.0,111.0,36.3,runtime
2081,12:35:29,0.48485,4.49301,4.49301,0.0,113.0,36.3,runtime
2082,12:35:30,0.47532,4.43601,4.43601,0.0,115.0,36.3,runtime
2083,12:35:31,0.48731,4.50766,4.50766,0.0,117.0,36.3,runtime
2084,12:35:32,0.4715,4.41301,4.41301,0.0,118.0,36.3,runtime
2085,12:35:33,0.4949,4.55251,4.55251,0.0,117.0,36.3,runtime
2086,12:35:34,0.48214,4.47687,4.47687,0.0,118.0,36.3,runtime
2087,12:35:35,0.47013,4.40474,4.40474,0.0,118.0,36.3,runtime
2089,12:35:37,0.26617,3.35816,3.35816,0.0,118.0,36.4,runtime
2090,12:35:38,0.26,3.33821,3.33821,0.0,118.0,36.7,runtime
2100,12:35:48,0.03759,3.1184,3.1184,0.0,95.5,36.8,runtime
2101,12:35:49,0.26434,3.35216,3.35216,0.0,95.7,43.9,runtime
2102,12:35:50,0.27569,3.39052,3.39052,0.0,95.7,37.1,runtime
2104,12:35:52,0.25935,3.33615,3.33615,0.0,95.9,43.0,runtime
2105,12:35:53,0.26434,3.35216,3.35216,0.0,96.1,50.1,runtime
2106,12:35:54,0.29723,3.47091,3.47091,0.0,96.3,50.1,runtime
2107,12:35:55,0.4,3.98367,3.98367,0.0,97.5,50.3,runtime
2108,12:35:56,0.46094,4.34915,4.34915,0.0,98.8,50.3,runtime
2109,12:35:57,0.48477,4.49256,4.49256,0.0,100.0,50.3,runtime
2110,12:35:58,0.48744,4.50841,4.50841,0.0,101.0,50.3,runtime
2111,12:35:59,0.47135,4.41211,4.41211,0.0,102.0,50.3,runtime
2112,12:36:00,0.46547,4.37662,4.37662,0.0,103.0,50.3,runtime
2113,12:36:01,0.48469,4.49208,4.49208,0.0,103.0,50.4,runtime
2114,12:36:02,0.49227,4.53701,4.53701,0.0,104.0,50.4,runtime
2115,12:36:03,0.48477,4.49256,4.49256,0.0,105.0,50.4,runtime
2117,12:36:05,0.45313,4.30177,4.30177,0.0,106.0,50.4,runtime
2118,12:36:06,0.48354,4.48522,4.48522,0.0,107.0,50.4,runtime
2119,12:36:07,0.47194,4.41565,4.41565,0.0,108.0,50.4,runtime
2120,12:36:08,0.47959,4.46162,4.46162,0.0,109.0,50.4,runtime
2121,12:36:09,0.48964,4.52146,4.52146,0.0,110.0,50.4,runtime
2122,12:36:10,0.46494,4.37335,4.37335,0.0,110.0,50.4,runtime
2123,12:36:11,0.47315,4.42292,4.42292,0.0,111.0,50.4,runtime
2124,12:36:12,0.48615,4.50072,4.50072,0.0,112.0,50.4,runtime
2125,12:36:13,0.48082,4.46897,4.46897,0.0,113.0,50.4,runtime
2126,12:36:14,0.42569,4.13574,4.13574,0.0,111.0,37.4,runtime
2127,12:36:15,0.2825,3.41485,3.41485,0.0,111.0,37.4,runtime
2128,12:36:16,0.26633,3.3587,3.3587,0.0,111.0,37.4,runtime
2138,12:36:26,0.01995,3.21847,3.21847,0.0,100.0,37.4,runtime
2139,12:36:27,0.15113,3.08992,3.08992,0.0,100.0,37.5,runtime
2140,12:36:28,0.24156,3.28305,3.28305,0.0,99.7,38.9,runtime
2141,12:36:29,0.14759,3.08447,3.08447,0.0,98.3,46.4,runtime
2142,12:36:30,0.19945,3.17931,3.17931,0.0,97.4,47.6,runtime
2143,12:36:31,0.13353,3.06459,3.06459,0.0,97.5,38.7,runtime
2144,12:36:32,0.27068,3.37325,3.37325,0.0,97.6,45.8,runtime
2146,12:36:34,0.2775,3.39689,3.39689,0.0,97.7,55.8,runtime
2147,12:36:35,0.31078,3.52667,3.52667,0.0,97.9,50.4,runtime
2148,12:36:36,0.4949,4.55251,4.55251,0.0,98.7,50.5,runtime
2149,12:36:37,0.47545,4.43678,4.43678,0.0,99.5,50.5,runtime
2150,12:36:38,0.48072,4.46838,4.46838,0.0,100.0,50.5,runtime
2151,12:36:39,0.48205,4.47633,4.47633,0.0,101.0,50.5,runtime
2152,12:36:40,0.48601,4.49991,4.49991,0.0,101.0,50.5,runtime
2153,12:36:41,0.48214,4.47687,4.47687,0.0,102.0,50.5,runtime
2154,12:36:42,0.47423,4.42941,4.42941,0.0,103.0,50.5,runtime
2155,12:36:43,0.47692,4.44561,4.44561,0.0,102.0,50.5,runtime
2156,12:36:44,0.48223,4.47742,4.47742,0.0,103.0,50.5,runtime
2157,12:36:45,0.50125,4.58967,4.58967,0.0,104.0,50.5,runtime
2159,12:36:47,0.47165,4.41391,4.41391,0.0,104.0,50.5,runtime
2160,12:36:48,0.48608,4.50032,4.50032,0.0,105.0,50.5,runtime
2161,12:36:49,0.48223,4.47742,4.47742,0.0,106.0,50.5,runtime
2162,12:36:50,0.49123,4.53085,4.53085,0.0,106.0,50.5,runtime
2163,12:36:51,0.48354,4.48522,4.48522,0.0,107.0,50.5,runtime
2164,12:36:52,0.48469,4.49208,4.49208,0.0,108.0,50.5,runtime
2165,12:36:53,0.495,4.55309,4.55309,0.0,108.0,50.5,runtime
2166,12:36:54,0.48579,4.49861,4.49861,0.0,108.0,50.5,runtime
2167,12:36:55,0.27387,3.38419,3.38419,0.0,108.0,50.5,runtime
2168,12:36:56,0.275,3.38811,3.38811,0.0,107.0,50.6,runtime
